target_id,h_err,r_err,t_err,hy_err,hz_err,ry_err,rz_err,ty_err,tz_err,refy,refz,hy,hz,ry,rz,ty,tz,times_from_start,times,datetimes
5,0.23440355731985152,0.2348040630970562,0.23440355731985152,0.04091728497798433,0.2308046868549929,0.04071089941850584,0.23124785559097116,0.04091728497798433,0.2308046868549929,-0.041042417199080236,0.321836885505691,-0.00012513222109590202,0.5526415723606839,-0.00033151778057439584,0.5530847410966622,-0.00012513222109590202,0.5526415723606839,0.026,1713944831.248184,2024-04-24_17-47-11
5,0.23343043596800062,0.23421201249975337,0.23343043596800062,0.041036285507871674,0.22979510810269066,0.0406082482462921,0.2306647718520367,0.041036285507871674,0.22979510810269066,-0.041042417199080236,0.321836885505691,-6.131691208563841e-06,0.5516319936083817,-0.00043416895278814143,0.5525016573577277,-6.131691208563841e-06,0.5516319936083817,0.05,1713944831.2486641,2024-04-24_17-47-11
5,0.23246968971723034,0.2331278069829788,0.23246968971723034,0.04131269115465694,0.2287693558735201,0.04042026605739721,0.22959698708942644,0.04131269115465694,0.2287693558735201,-0.041042417199080236,0.321836885505691,0.00027027395557670253,0.5506062413792111,-0.0006221511416830262,0.5514338725951174,0.00027027395557670253,0.5506062413792111,0.076,1713944831.2491379,2024-04-24_17-47-11
5,0.23150686988577013,0.23172185060415293,0.23150686988577013,0.04158970366245217,0.2277404824654069,0.040176497921657894,0.22821232451855966,0.04158970366245217,0.2277404824654069,-0.041042417199080236,0.321836885505691,0.0005472864633719338,0.5495773679710979,-0.000865919277422341,0.5500492100242507,0.0005472864633719338,0.5495773679710979,0.1,1713944831.249525,2024-04-24_17-47-11
5,0.23016519001328922,0.2297654489912382,0.23016519001328922,0.041814377526456656,0.2263350890293604,0.0398372922527481,0.22628555344103263,0.041814377526456656,0.2263350890293604,-0.041042417199080236,0.321836885505691,0.0007719603273764232,0.5481719745350514,-0.0012051249463321417,0.5481224389467236,0.0007719603273764232,0.5481719745350514,0.126,1713944831.249828,2024-04-24_17-47-11
5,0.22918311850106657,0.22756608884083074,0.22918311850106657,0.04193546169361073,0.22531382305224334,0.039455961841820326,0.22411950353650545,0.04193546169361073,0.22531382305224334,-0.041042417199080236,0.321836885505691,0.000893044494530492,0.5471507085579344,-0.0015864553572599099,0.5459563890421965,0.000893044494530492,0.5471507085579344,0.15,1713944831.2503593,2024-04-24_17-47-11
5,0.2277925340181369,0.22476601987272465,0.2277925340181369,0.04168990274585617,0.22394506148483184,0.03897047907537295,0.2213618428050823,0.04168990274585617,0.22394506148483184,-0.041042417199080236,0.321836885505691,0.0006474855467759298,0.5457819469905228,-0.00207193812370728,0.5431987283107733,0.0006474855467759298,0.5457819469905228,0.176,1713944831.2665713,2024-04-24_17-47-11
5,0.22600684836532936,0.22180532757425625,0.22600684836532936,0.04123568324196981,0.2222132172837541,0.03845714704532937,0.21844599145202237,0.04123568324196981,0.2222132172837541,-0.041042417199080236,0.321836885505691,0.00019326604288957133,0.5440501027894451,-0.0025852701537508677,0.5402828769577134,0.00019326604288957133,0.5440501027894451,0.2,1713944831.2915657,2024-04-24_17-47-11
5,0.2241925458521006,0.21820242256172023,0.2241925458521006,0.0404690313557654,0.2205097619534616,0.03783246661329122,0.2148976539698787,0.0404690313557654,0.2205097619534616,-0.041042417199080236,0.321836885505691,-0.0005733858433148355,0.5423466474591526,-0.003209950585789019,0.5367345394755697,-0.0005733858433148355,0.5423466474591526,0.226,1713944831.3166556,2024-04-24_17-47-11
5,0.22225496227922004,0.21452357167580088,0.22251258548670355,0.039739418243996474,0.2186733794849438,0.037194618501052906,0.21127452084693887,0.03982612947915755,0.21891946032887744,-0.041042417199080236,0.321836885505691,-0.0013029989550837635,0.5405102649906348,-0.0038477986980273316,0.5331114063526299,-0.0012162877199226856,0.5407563458345684,0.25,1713944831.3413916,2024-04-24_17-47-11
5,0.22004716557165802,0.21017036908695322,0.22004716557165802,0.03876905886585913,0.21660497489849173,0.03643984965078091,0.20698724936472446,0.03876905886585913,0.21660497489849173,-0.041042417199080236,0.321836885505691,-0.002273358333221104,0.5384418604041827,-0.004602567548299321,0.5288241348704155,-0.002273358333221104,0.5384418604041827,0.276,1713944831.3664849,2024-04-24_17-47-11
5,0.2178258716194051,0.20582700554355052,0.2178258716194051,0.03795733470783855,0.21449324252439905,0.035686786718133176,0.20270966791142264,0.03795733470783855,0.21449324252439905,-0.041042417199080236,0.321836885505691,-0.0030850824912416917,0.5363301280300901,-0.00535563048094706,0.5245465534171136,-0.0030850824912416917,0.5363301280300901,0.3,1713944831.391455,2024-04-24_17-47-11
5,0.21535964449226583,0.20078698487469515,0.21535964449226583,0.0369077431087216,0.21217350205540686,0.03481293567905575,0.19774598050144276,0.0369077431087216,0.21217350205540686,-0.041042417199080236,0.321836885505691,-0.004134674090358638,0.5340103875610979,-0.0062294815200244855,0.5195828660071338,-0.004134674090358638,0.5340103875610979,0.326,1713944831.4165149,2024-04-24_17-47-11
5,0.21302651475466222,0.19584244469467466,0.21302651475466222,0.03598252401196358,0.20996560183574542,0.033955639279306636,0.1928763274876425,0.03598252401196358,0.20996560183574542,-0.041042417199080236,0.321836885505691,-0.005059893187116656,0.5318024873414364,-0.007086777919773603,0.5147132129933335,-0.005059893187116656,0.5318024873414364,0.35,1713944831.4413664,2024-04-24_17-47-11
5,0.21016853259817264,0.19018910079630155,0.21016853259817264,0.034735340476977836,0.20727823864655348,0.03297544876731469,0.1873086058895852,0.034735340476977836,0.20727823864655348,-0.041042417199080236,0.321836885505691,-0.006307076722102404,0.5291151241522445,-0.008066968431765551,0.5091454913952762,-0.006307076722102404,0.5291151241522445,0.376,1713944831.4664018,2024-04-24_17-47-11
5,0.20705813921052352,0.184715486509623,0.20705813921052352,0.03356416490403144,0.204319651153822,0.0320264202124359,0.18191789182173146,0.03356416490403144,0.204319651153822,-0.041042417199080236,0.321836885505691,-0.007478252295048792,0.526156536659513,-0.009015996986644337,0.5037547773274225,-0.007478252295048792,0.526156536659513,0.4,1713944831.491345,2024-04-24_17-47-11
5,0.20341131685919478,0.1785312578659923,0.20341131685919478,0.03238675453103419,0.20081648826064624,0.030954183612391092,0.1758273259539137,0.03238675453103419,0.20081648826064624,-0.041042417199080236,0.321836885505691,-0.00865566266804604,0.5226533737663372,-0.010088233586689145,0.4976642114596047,-0.00865566266804604,0.5226533737663372,0.426,1713944831.516552,2024-04-24_17-47-11
5,0.19958791401162804,0.1726083870944613,0.19958791401162804,0.03094761177286821,0.1971739859744912,0.02992726187573896,0.16999415958194664,0.03094761177286821,0.1971739859744912,-0.041042417199080236,0.321836885505691,-0.010094805426212026,0.5190108714801822,-0.011115155323341275,0.49183104508763764,-0.010094805426212026,0.5190108714801822,0.45,1713944831.5413964,2024-04-24_17-47-11
5,0.19493472963256853,0.1659834536848672,0.19493472963256853,0.029279459853612588,0.1927232784268763,0.028778614811736488,0.163469563609481,0.029279459853612588,0.1927232784268763,-0.041042417199080236,0.321836885505691,-0.011762957345467649,0.5145601639325673,-0.012263802387343748,0.485306449115172,-0.011762957345467649,0.5145601639325673,0.476,1713944831.5666554,2024-04-24_17-47-11
5,0.19042289225894055,0.1596976952214762,0.19042289225894055,0.02744234355376507,0.18843512325608835,0.027688774724657767,0.15727900563425068,0.02744234355376507,0.18843512325608835,-0.041042417199080236,0.321836885505691,-0.013600073645315167,0.5102720087617794,-0.013353642474422469,0.4791158911399417,-0.013600073645315167,0.5102720087617794,0.5,1713944831.591353,2024-04-24_17-47-11
5,0.185081675532069,0.15272866349308145,0.185081675532069,0.02495267514238295,0.18339190445872133,0.02648046705741872,0.15041552285852638,0.02495267514238295,0.18339190445872133,-0.041042417199080236,0.321836885505691,-0.016089742056697286,0.5052287899644123,-0.014561950141661516,0.4722524083642174,-0.016089742056697286,0.5052287899644123,0.526,1713944831.6165733,2024-04-24_17-47-11
5,0.1796729067731391,0.14617167785052196,0.1796729067731391,0.022662605431963162,0.17823793014772216,0.025343600942489164,0.1439578455552341,0.022662605431963162,0.17823793014772216,-0.041042417199080236,0.321836885505691,-0.018379811767117074,0.5000748156534132,-0.015698816256591072,0.4657947310609251,-0.018379811767117074,0.5000748156534132,0.55,1713944831.6412666,2024-04-24_17-47-11
5,0.17360170449941933,0.13896017197881935,0.17360170449941933,0.02042730906405011,0.1723956984657839,0.024093252518673787,0.13685556101033847,0.02042730906405011,0.1723956984657839,-0.041042417199080236,0.321836885505691,-0.020615108135030126,0.4942325839714749,-0.01694916468040645,0.4586924465160295,-0.020615108135030126,0.4942325839714749,0.576,1713944831.6664743,2024-04-24_17-47-11
5,0.1673785702237016,0.1322275747728058,0.1673785702237016,0.01826510940728244,0.16637899972193188,0.022925938443848617,0.13022493185548922,0.01826510940728244,0.16637899972193188,-0.041042417199080236,0.321836885505691,-0.022777307791797798,0.4882158852276229,-0.01811647875523162,0.45206181736118023,-0.022777307791797798,0.4882158852276229,0.6,1713944831.691369,2024-04-24_17-47-11
5,0.1607405598281019,0.12487875475230167,0.1607405598281019,0.01611088056844178,0.15993113237003298,0.021651782159015594,0.12298741284303871,0.01611088056844178,0.15993113237003298,-0.041042417199080236,0.321836885505691,-0.024931536630638455,0.481768017875724,-0.019390635040064642,0.4448242983487297,-0.024931536630638455,0.481768017875724,0.626,1713944831.7163706,2024-04-24_17-47-11
5,0.1530944970621425,0.1180687224105863,0.1530944970621425,0.013557319358755981,0.15249302975059242,0.020471042192068134,0.11628052134058675,0.013557319358755981,0.15249302975059242,-0.041042417199080236,0.321836885505691,-0.027485097840324255,0.47432991525628343,-0.020571375007012102,0.43811740684627776,-0.027485097840324255,0.47432991525628343,0.65,1713944831.7413735,2024-04-24_17-47-11
5,0.14627068889274542,0.11068975058528124,0.14627068889274542,0.011267293864249222,0.14583608098867362,0.01919165811400041,0.10901330718525648,0.011267293864249222,0.14583608098867362,-0.041042417199080236,0.321836885505691,-0.029775123334831014,0.46767296649436463,-0.021850759085079826,0.4308501926909475,-0.029775123334831014,0.46767296649436463,0.676,1713944831.76658,2024-04-24_17-47-11
5,0.13984482840427184,0.10390158871426351,0.13984482840427184,0.009439006300373004,0.1395259158417595,0.0180147101024436,0.10232795491591185,0.009439006300373004,0.1395259158417595,-0.041042417199080236,0.321836885505691,-0.03160341089870723,0.4613628013474505,-0.023027707096636638,0.42416484042160285,-0.03160341089870723,0.4613628013474505,0.7,1713944831.791208,2024-04-24_17-47-11
5,0.13371541551541322,0.0966000671093678,0.13371541551541322,0.008246532126198941,0.1334608821128917,0.016748754531921442,0.09513701796442753,0.008246532126198941,0.1334608821128917,-0.041042417199080236,0.321836885505691,-0.032795885072881295,0.4552977676185827,-0.024293662667158794,0.41697390347011853,-0.032795885072881295,0.4552977676185827,0.726,1713944831.8164783,2024-04-24_17-47-11
5,0.12821011684938202,0.08993276239473658,0.12821011684938202,0.006633547005762429,0.128038393135241,0.01559276102801991,0.08857069241837962,0.006633547005762429,0.128038393135241,-0.041042417199080236,0.321836885505691,-0.03440887019331781,0.449875278640932,-0.025449656171060327,0.4104075779240706,-0.03440887019331781,0.449875278640932,0.75,1713944831.8414416,2024-04-24_17-47-11
5,0.12219649167535213,0.08281516363684453,0.12219649167535213,0.004356817045220798,0.12211879758251337,0.014358694447945217,0.08156089272407385,0.004356817045220798,0.12211879758251337,-0.041042417199080236,0.321836885505691,-0.03668560015385944,0.4439556830882044,-0.02668372275113502,0.40339777822976486,-0.03668560015385944,0.4439556830882044,0.776,1713944831.866336,2024-04-24_17-47-11
5,0.11673343082157324,0.07636594039480175,0.11673343082157324,0.0022469121753423693,0.11671180427468048,0.013240512440056511,0.0752093457138614,0.0022469121753423693,0.11671180427468048,-0.041042417199080236,0.321836885505691,-0.03879550502373787,0.4385486897803715,-0.027801904759023725,0.3970462312195524,-0.03879550502373787,0.4385486897803715,0.8,1713944831.8914073,2024-04-24_17-47-11
5,0.11050917188888319,0.06953605510123989,0.11050917188888319,0.00010150904540522782,0.11050912526791817,0.012056330320042701,0.06848290194097129,0.00010150904540522782,0.11050912526791817,-0.041042417199080236,0.321836885505691,-0.04094090815367501,0.4323460107736092,-0.028986086879037535,0.3903197874466623,-0.04094090815367501,0.4323460107736092,0.826,1713944831.9163597,2024-04-24_17-47-11
5,0.1044502622748887,0.06339895752904057,0.1044502622748887,0.0011250230084350957,0.1044442033457268,0.01099226541976843,0.06243875332444149,0.0011250230084350957,0.1044442033457268,-0.041042417199080236,0.321836885505691,-0.04216744020751533,0.4262810888514178,-0.030050151779311807,0.3842756388301325,-0.04216744020751533,0.4262810888514178,0.85,1713944831.9414968,2024-04-24_17-47-11
5,0.09829676058054138,0.056956380806951444,0.09829676058054138,0.0020424567685912373,0.09827553872137618,0.009875235801671212,0.056093752169808164,0.0020424567685912373,0.09827553872137618,-0.041042417199080236,0.321836885505691,-0.04308487396767147,0.4201124242270672,-0.031167181397409024,0.37793063767549917,-0.04308487396767147,0.4201124242270672,0.876,1713944831.9665928,2024-04-24_17-47-11
5,0.09259555480576334,0.05122090160673832,0.09259555480576334,0.0030547974172554435,0.09254515104815947,0.008880804471322848,0.05044513924402727,0.0030547974172554435,0.09254515104815947,-0.041042417199080236,0.321836885505691,-0.04409721461633568,0.4143820365538505,-0.03216161272775739,0.3722820247497183,-0.04409721461633568,0.4143820365538505,0.9,1713944831.991251,2024-04-24_17-47-11
5,0.08705400761564863,0.04525958073214926,0.08705400761564863,0.004086240461451104,0.08695805242090354,0.007847216162305728,0.044574105112183515,0.004086240461451104,0.08695805242090354,-0.041042417199080236,0.321836885505691,-0.04512865766053134,0.40879493792659455,-0.03319520103677451,0.3664109906178745,-0.04512865766053134,0.40879493792659455,0.926,1713944832.0163558,2024-04-24_17-47-12
5,0.08246539487657926,0.04000935610583606,0.08246539487657926,0.0047020933494895945,0.08233123143912541,0.0069369194499441095,0.03940339737317822,0.0047020933494895945,0.08233123143912541,-0.041042417199080236,0.321836885505691,-0.04574451054856983,0.4041681169448164,-0.03410549774913613,0.3612402828788692,-0.04574451054856983,0.4041681169448164,0.95,1713944832.0413234,2024-04-24_17-47-12
5,0.07666176040166757,0.034616220560823974,0.07666176040166757,0.005372402598846637,0.07647328159689887,0.006001844494990721,0.03409194316218367,0.005372402598846637,0.07647328159689887,-0.041042417199080236,0.321836885505691,-0.04641481979792687,0.3983101671025899,-0.035040572704089515,0.3559288286678747,-0.04641481979792687,0.3983101671025899,0.976,1713944832.0664515,2024-04-24_17-47-12
5,0.0717255024453122,0.029927810605938538,0.0717255024453122,0.005490657299468585,0.07151503606551757,0.0051889565764917656,0.029474541172208435,0.005490657299468585,0.07151503606551757,-0.041042417199080236,0.321836885505691,-0.04653307449854882,0.3933519215712086,-0.03585346062258847,0.35131142667789944,-0.04653307449854882,0.3933519215712086,1.0,1713944832.0912309,2024-04-24_17-47-12
5,0.06636954922398297,0.025181504451033544,0.06636954922398297,0.005614841509636308,0.06613161588088079,0.00436603047405075,0.024800119844812896,0.005614841509636308,0.06613161588088079,-0.041042417199080236,0.321836885505691,-0.046657258708716544,0.3879685013865718,-0.036676386725029486,0.3466370053505039,-0.046657258708716544,0.3879685013865718,1.026,1713944832.1166756,2024-04-24_17-47-12
5,0.06138943732696353,0.021123276742097755,0.06138943732696353,0.005947815501463824,0.06110062606947436,0.003662405085730333,0.02080335572236519,0.005947815501463824,0.06110062606947436,-0.041042417199080236,0.321836885505691,-0.04699023270054406,0.38293751157516537,-0.0373800121133499,0.3426402412280562,-0.04699023270054406,0.38293751157516537,1.05,1713944832.1414964,2024-04-24_17-47-12
5,0.0556676005495551,0.017093011808788913,0.0556676005495551,0.006442883168322318,0.055293498780816686,0.00296362795144349,0.016834130867402097,0.006442883168322318,0.055293498780816686,-0.041042417199080236,0.321836885505691,-0.047485300367402554,0.3771303842865077,-0.038078789247636746,0.3386710163730931,-0.047485300367402554,0.3771303842865077,1.076,1713944832.1664135,2024-04-24_17-47-12
5,0.049646074547394295,0.013724144444132043,0.049646074547394295,0.006346100185640219,0.049238803096737116,0.002379525535889715,0.01351628643331626,0.006346100185640219,0.049238803096737116,-0.041042417199080236,0.321836885505691,-0.047388517384720455,0.3710756886024281,-0.03866289166319052,0.33535317193900727,-0.047388517384720455,0.3710756886024281,1.1,1713944832.1911907,2024-04-24_17-47-12
5,0.04320383770630425,0.010468691070513299,0.04320383770630425,0.005998704980267687,0.042785361177771875,0.0018150871138840202,0.01031013828708699,0.005998704980267687,0.042785361177771875,-0.041042417199080236,0.321836885505691,-0.04704112217934792,0.3646222466834629,-0.039227330085196216,0.332147023792778,-0.04704112217934792,0.3646222466834629,1.126,1713944832.2164001,2024-04-24_17-47-12
5,0.037477201887623046,0.00783830972234075,0.037477201887623046,0.0057008617202632325,0.037041069598110876,0.001359025199599767,0.007719595184347061,0.0057008617202632325,0.037041069598110876,-0.041042417199080236,0.321836885505691,-0.04674327891934347,0.3588779551038019,-0.03968339199948047,0.32955648069003807,-0.04674327891934347,0.3588779551038019,1.15,1713944832.241174,2024-04-24_17-47-12
5,0.03182547470925219,0.005405139749242024,0.03182547470925219,0.00552647324044693,0.03134196761519409,0.000937156273072684,0.005323276606440497,0.00552647324044693,0.03134196761519409,-0.041042417199080236,0.321836885505691,-0.046568890439527166,0.3531788531208851,-0.04010526092600755,0.3271601621121315,-0.046568890439527166,0.3531788531208851,1.176,1713944832.2663631,2024-04-24_17-47-12
5,0.027307090702497233,0.003551601300713139,0.027307090702497233,0.005158841653728853,0.026815360438117608,0.0006157852697302041,0.003497810786879496,0.005158841653728853,0.026815360438117608,-0.041042417199080236,0.321836885505691,-0.04620125885280909,0.3486522459438086,-0.04042663192935003,0.3253346962925705,-0.04620125885280909,0.3486522459438086,1.2,1713944832.2912605,2024-04-24_17-47-12
5,0.023579783217431243,0.001976195825363796,0.023579783217431243,0.004517986758862495,0.023142903280007787,0.0003426376375965934,0.001946265498200983,0.004517986758862495,0.023142903280007787,-0.041042417199080236,0.321836885505691,-0.04556040395794273,0.3449797887856988,-0.04069977956148364,0.323783151003892,-0.04556040395794273,0.3449797887856988,1.226,1713944832.3166475,2024-04-24_17-47-12
5,0.020605393020587004,0.0009265290408631704,0.020605393020587004,0.004193338053667034,0.02017419484144345,0.00016064385808908788,0.0009124963640591011,0.004193338053667034,0.02017419484144345,-0.041042417199080236,0.321836885505691,-0.04523575525274727,0.34201108034713446,-0.04088177334099115,0.3227493818697501,-0.04523575525274727,0.34201108034713446,1.25,1713944832.3415139,2024-04-24_17-47-12
5,0.01738964267018975,0.0002318610225980116,0.01738964267018975,0.003916357994643495,0.01694289857889364,4.020062790037471e-05,0.00022834938869331634,0.003916357994643495,0.01694289857889364,-0.041042417199080236,0.321836885505691,-0.04495877519372373,0.33877978408458465,-0.04100221657117986,0.3220652348943843,-0.04495877519372373,0.33877978408458465,1.276,1713944832.3664186,2024-04-24_17-47-12
5,0.01465173456026581,1.3724074874257346e-06,0.01465173456026581,0.0035277315514222335,0.01422070447360424,2.3795134736215307e-07,1.3516217917119988e-06,0.0035277315514222335,0.01422070447360424,-0.041042417199080236,0.321836885505691,-0.04457014875050247,0.33605758997929525,-0.041042179247732874,0.3218382371274827,-0.04457014875050247,0.33605758997929525,1.3,1713944832.3911858,2024-04-24_17-47-12
5,0.011605950810443058,0.0,0.011605950810443058,0.0027015238845389533,0.011287154775039165,0.0,0.0,0.0027015238845389533,0.011287154775039165,-0.041042417199080236,0.321836885505691,-0.04374394108361919,0.33312404028073017,-0.041042417199080236,0.321836885505691,-0.04374394108361919,0.33312404028073017,1.326,1713944832.416412,2024-04-24_17-47-12
5,0.008822058297491808,0.0,0.008822058297491808,0.0020604941097644575,0.008578057858744603,0.0,0.0,0.0020604941097644575,0.008578057858744603,-0.041042417199080236,0.321836885505691,-0.043102911308844694,0.3304149433644356,-0.041042417199080236,0.321836885505691,-0.043102911308844694,0.3304149433644356,1.35,1713944832.4411266,2024-04-24_17-47-12
5,0.005387182148572381,0.0,0.005387182148572381,0.0014709330219596778,0.005182478899793563,0.0,0.0,0.0014709330219596778,0.005182478899793563,-0.041042417199080236,0.321836885505691,-0.042513350221039914,0.32701936440548457,-0.041042417199080236,0.321836885505691,-0.042513350221039914,0.32701936440548457,1.376,1713944832.466319,2024-04-24_17-47-12
1,0.23498326989730656,0.23635386072292985,0.23498326989730656,0.11871019862712531,0.20279306169970135,0.11817693036146494,0.2046884476685863,0.11871019862712531,0.20279306169970135,0.0771345131623847,0.5265253331742773,-0.0415756854647406,0.32373227147457595,-0.041042417199080236,0.321836885505691,-0.0415756854647406,0.32373227147457595,1.4,1713944832.4911745,2024-04-24_17-47-12
1,0.23773393295545053,0.2347857136668368,0.23773393295545053,0.11776838757589135,0.20651399411720572,0.11861039603535212,0.20262256857118066,0.11776838757589135,0.20651399411720572,0.0771345131623847,0.5265253331742773,-0.040633874413506646,0.3200113390570716,-0.041475882872967405,0.32390276460309664,-0.040633874413506646,0.3200113390570716,1.426,1713944832.5163677,2024-04-24_17-47-12
1,0.2396628808455117,0.23419370933700898,0.2396628808455117,0.11700675532078432,0.2091595459558852,0.11831132388603402,0.2021116625367309,0.11700675532078432,0.2091595459558852,0.0771345131623847,0.5265253331742773,-0.039872242158399615,0.3173657872183921,-0.04117681072364931,0.3244136706375464,-0.039872242158399615,0.3173657872183921,1.45,1713944832.5414479,2024-04-24_17-47-12
1,0.24051286279855807,0.23310958854855302,0.24051286279855807,0.11667210834627806,0.21031893948380487,0.11776364151618002,0.20117605476329514,0.11667210834627806,0.21031893948380487,0.0771345131623847,0.5265253331742773,-0.039537595183893354,0.31620639369047243,-0.04062912835379532,0.32534927841098216,-0.039537595183893354,0.31620639369047243,1.476,1713944832.5663462,2024-04-24_17-47-12
1,0.24076342759792602,0.23170374204218055,0.24076342759792602,0.11672195868537161,0.2105778061177202,0.1170534278993397,0.19996279427274322,0.11672195868537161,0.2105778061177202,0.0771345131623847,0.5265253331742773,-0.039587445522986896,0.3159475270565571,-0.039918914736955,0.3265625389015341,-0.039587445522986896,0.3159475270565571,1.5,1713944832.5912094,2024-04-24_17-47-12
1,0.24100703656211925,0.22974749331782485,0.24100703656211925,0.1166261394254608,0.21090930580504896,0.11606515892711111,0.19827453081283136,0.1166261394254608,0.21090930580504896,0.0771345131623847,0.5265253331742773,-0.03949162626307609,0.31561602736922834,-0.038930645764726414,0.32825080236144594,-0.03949162626307609,0.31561602736922834,1.526,1713944832.616347,2024-04-24_17-47-12
1,0.24130354654215327,0.22754830504266121,0.24130354654215327,0.11617951563055245,0.21149402289821656,0.11495416035654389,0.19637660793615414,0.11617951563055245,0.21149402289821656,0.0771345131623847,0.5265253331742773,-0.03904500246816774,0.31503131027606074,-0.03781964719415919,0.33014872523812316,-0.03904500246816774,0.31503131027606074,1.55,1713944832.641145,2024-04-24_17-47-12
1,0.24153382711461732,0.22474845489389536,0.24153382711461732,0.11543057006423812,0.21216590945597003,0.11353971596894372,0.19396030747264992,0.11543057006423812,0.21216590945597003,0.0771345131623847,0.5265253331742773,-0.03829605690185343,0.3143594237183073,-0.03640520280655901,0.3325650257016274,-0.03829605690185343,0.3143594237183073,1.576,1713944832.666235,2024-04-24_17-47-12
1,0.24155523777513366,0.2217879939671332,0.24155523777513366,0.11492924538342514,0.21246223535536335,0.11204413330555937,0.1914053981991395,0.11492924538342514,0.21246223535536335,0.0771345131623847,0.5265253331742773,-0.03779473222104044,0.31406309781891395,-0.03490962014317466,0.3351199349751378,-0.03779473222104044,0.31406309781891395,1.6,1713944832.6912284,2024-04-24_17-47-12
1,0.24145461339449018,0.2181853705138396,0.24145461339449018,0.11447621461444271,0.21259239548260134,0.11022413928681019,0.18829629583383561,0.11447621461444271,0.21259239548260134,0.0771345131623847,0.5265253331742773,-0.03734170145205801,0.31393293769167596,-0.03308962612442549,0.3382290373404417,-0.03734170145205801,0.31393293769167596,1.626,1713944832.7162833,2024-04-24_17-47-12
1,0.2412817593690365,0.21450680712216857,0.2412817593690365,0.11307115923949819,0.21314736768830544,0.10836578149359971,0.18512165649385443,0.11307115923949819,0.21314736768830544,0.0771345131623847,0.5265253331742773,-0.035936646077113485,0.31337796548597185,-0.031231268331215013,0.3414036766804229,-0.035936646077113485,0.31337796548597185,1.65,1713944832.7412748,2024-04-24_17-47-12
1,0.24086670444670508,0.21015394472669782,0.24086670444670508,0.11111587650734549,0.21370547793404998,0.10616677745476452,0.1813650899403258,0.11111587650734549,0.21370547793404998,0.0771345131623847,0.5265253331742773,-0.03398136334496078,0.3128198552402273,-0.02903226429237981,0.3451602432339515,-0.03398136334496078,0.3128198552402273,1.676,1713944832.7663429,2024-04-24_17-47-12
1,0.24052734672393575,0.20581092060777184,0.24052734672393575,0.10946604468033866,0.21417420382506036,0.10397274357301026,0.177617013924116,0.10946604468033866,0.21417420382506036,0.0771345131623847,0.5265253331742773,-0.03233153151795395,0.31235112934921694,-0.026838230410625545,0.3489083192501613,-0.03233153151795395,0.31235112934921694,1.7,1713944832.791384,2024-04-24_17-47-12
1,0.24027945560894684,0.20077129380564235,0.24027945560894684,0.1087691747223239,0.2142509823033641,0.1014267959447011,0.17326776238176428,0.1087691747223239,0.2142509823033641,0.0771345131623847,0.5265253331742773,-0.0316346615599392,0.3122743508709132,-0.02429228278231639,0.353257570792513,-0.0316346615599392,0.3122743508709132,1.726,1713944832.8161771,2024-04-24_17-47-12
1,0.24015307112589918,0.19582714003075397,0.24015307112589918,0.10881672051223891,0.21408507399667653,0.09892907992893304,0.16900090507757437,0.10881672051223891,0.21408507399667653,0.0771345131623847,0.5265253331742773,-0.031682207349854205,0.31244025917760077,-0.02179456676654834,0.35752442809670293,-0.031682207349854205,0.31244025917760077,1.75,1713944832.8411481,2024-04-24_17-47-12
1,0.2399005152579442,0.190174237928992,0.2399005152579442,0.1089117623360285,0.21375332803464736,0.09607331436054545,0.1641223904275485,0.1089117623360285,0.21375332803464736,0.0771345131623847,0.5265253331742773,-0.0317772491736438,0.31277200513962994,-0.018938801198160746,0.3624029427467288,-0.0317772491736438,0.31277200513962994,1.776,1713944832.8672972,2024-04-24_17-47-12
1,0.239015361536646,0.1847010513934438,0.239015361536646,0.10895292114839136,0.21273834638758948,0.09330833853464016,0.15939897222299948,0.10895292114839136,0.21273834638758948,0.0771345131623847,0.5265253331742773,-0.03181840798600665,0.3137869867866878,-0.016173825372255445,0.3671263609512778,-0.03181840798600665,0.3137869867866878,1.8,1713944832.891662,2024-04-24_17-47-12
1,0.23737868185447322,0.1785173060339201,0.23737868185447322,0.10927704615530366,0.21073007802053045,0.09018439851878525,0.15406233419435528,0.10927704615530366,0.21073007802053045,0.0771345131623847,0.5265253331742773,-0.03214253299291896,0.31579525515374685,-0.013049885356400549,0.372462998979922,-0.03214253299291896,0.31579525515374685,1.826,1713944832.916276,2024-04-24_17-47-12
1,0.23450820259030505,0.17259489812194312,0.23450820259030505,0.110068250782432,0.20707263762223926,0.08719248245646774,0.1489512331630809,0.110068250782432,0.20707263762223926,0.0771345131623847,0.5265253331742773,-0.032933737620047296,0.31945269555203804,-0.010057969294083029,0.3775741000111964,-0.032933737620047296,0.31945269555203804,1.85,1713944832.9411733,2024-04-24_17-47-12
1,0.2308220124543622,0.1659704824365813,0.2308220124543622,0.11132166512603164,0.20220358134080962,0.08384592207307696,0.14323429195533816,0.11132166512603164,0.20220358134080962,0.0771345131623847,0.5265253331742773,-0.03418715196364694,0.3243217518334677,-0.00671140891069226,0.38329104121893914,-0.03418715196364694,0.3243217518334677,1.876,1713944832.966299,2024-04-24_17-47-12
1,0.22682882413681235,0.1596852151916333,0.22682882413681235,0.11255380294322347,0.19693388967444625,0.08067069464774404,0.1378100394595716,0.11255380294322347,0.19693388967444625,0.0771345131623847,0.5265253331742773,-0.03541928978083876,0.32959144349983105,-0.0035361814853593423,0.3887152937147057,-0.03541928978083876,0.32959144349983105,1.9,1713944832.9912376,2024-04-24_17-47-12
1,0.2225420507757023,0.15271672807801107,0.2225420507757023,0.11376097427581196,0.1912678883013908,0.07715031428300496,0.13179616094896973,0.11376097427581196,0.1912678883013908,0.0771345131623847,0.5265253331742773,-0.03662646111342725,0.3352574448728865,-1.5801120620259623e-05,0.39472917222530757,-0.03662646111342725,0.3352574448728865,1.926,1713944833.0178835,2024-04-24_17-47-13
1,0.2188357533383391,0.14616025484971273,0.2188357533383391,0.11414914931485239,0.1867058077560897,0.07383807746050747,0.12613785480445222,0.11414914931485239,0.1867058077560897,0.0771345131623847,0.5265253331742773,-0.03701463615246768,0.3398195254181876,0.0032964357018772303,0.4003874783698251,-0.03701463615246768,0.3398195254181876,1.95,1713944833.041147,2024-04-24_17-47-13
1,0.21481475631589417,0.13894931254161294,0.21481475631589417,0.11374976769580554,0.1822261503742184,0.07019521218734415,0.11991473488175075,0.11374976769580554,0.1822261503742184,0.0771345131623847,0.5265253331742773,-0.036615254533420835,0.3442991828000589,0.006939300975040565,0.40661059829252655,-0.036615254533420835,0.3442991828000589,1.976,1713944833.0661743,2024-04-24_17-47-13
1,0.21177337830200063,0.13221724147352482,0.21177337830200063,0.11341653194218285,0.17884253979310988,0.06679426583906187,0.11410488593346518,0.11341653194218285,0.17884253979310988,0.0771345131623847,0.5265253331742773,-0.036282018779798135,0.3476827933811674,0.01034024732332283,0.4124204472408121,-0.036282018779798135,0.3476827933811674,2.0,1713944833.0910501,2024-04-24_17-47-13
1,0.20862701078884363,0.12486899574742762,0.20862701078884363,0.11290222435748545,0.17543750273479242,0.06308203683617525,0.1077632717003828,0.11290222435748545,0.17543750273479242,0.0771345131623847,0.5265253331742773,-0.03576771119510075,0.3510878304394849,0.014052476326209457,0.4187620614738945,-0.03576771119510075,0.3510878304394849,2.026,1713944833.1162214,2024-04-24_17-47-13
1,0.20510648982416688,0.11805949559502617,0.20510648982416688,0.11200531821402232,0.17182398220203915,0.05964197441813037,0.10188660062863558,0.11200531821402232,0.17182398220203915,0.0771345131623847,0.5265253331742773,-0.034870805051637616,0.35470135097223815,0.017492538744254334,0.4246387325456417,-0.034870805051637616,0.35470135097223815,2.05,1713944833.1412404,2024-04-24_17-47-13
1,0.20056144483877494,0.11068110042042642,0.20056144483877494,0.110716905791033,0.16723235311349444,0.055914514343594256,0.0955189671007623,0.110716905791033,0.16723235311349444,0.0771345131623847,0.5265253331742773,-0.033582392628648296,0.35929298006078286,0.02121999881879045,0.431006366073515,-0.033582392628648296,0.35929298006078286,2.076,1713944833.1661,2024-04-24_17-47-13
1,0.19567090394501077,0.10389346902959255,0.19567090394501077,0.10913117956445066,0.1624114783429092,0.05248549971218778,0.08966116900289023,0.10913117956445066,0.1624114783429092,0.0771345131623847,0.5265253331742773,-0.03199666640206596,0.3641138548313681,0.024649013450196926,0.43686416417138707,-0.03199666640206596,0.3641138548313681,2.1,1713944833.1909747,2024-04-24_17-47-13
1,0.1899725552667808,0.09659251802283488,0.1899725552667808,0.1071903420873986,0.1568432412244039,0.04879716332739798,0.08336037061572438,0.1071903420873986,0.1568432412244039,0.0771345131623847,0.5265253331742773,-0.03005582892501389,0.3696820919498734,0.028337349834986723,0.4431649625585529,-0.03005582892501389,0.3696820919498734,2.126,1713944833.2161705,2024-04-24_17-47-13
1,0.18473453710990131,0.08992573434366181,0.18473453710990131,0.10520491509878938,0.15185116081303435,0.04542919923742437,0.07760686537860706,0.10520491509878938,0.15185116081303435,0.0771345131623847,0.5265253331742773,-0.028070401936404667,0.37467417236124295,0.031705313924960336,0.44891846779567024,-0.028070401936404667,0.37467417236124295,2.15,1713944833.241119,2024-04-24_17-47-13
1,0.1787622511818894,0.08280869181073462,0.1787622511818894,0.10280539109381545,0.14624292806718747,0.041833770792281365,0.07146478196079586,0.10280539109381545,0.14624292806718747,0.0771345131623847,0.5265253331742773,-0.025670877931430747,0.3802824051070898,0.03530074237010334,0.45506055121348143,-0.025670877931430747,0.3802824051070898,2.176,1713944833.266142,2024-04-24_17-47-13
1,0.17265628325795987,0.07635997256155418,0.17265628325795987,0.1006246751502185,0.14030276868032887,0.03857596974416704,0.06589946864655599,0.1006246751502185,0.14030276868032887,0.0771345131623847,0.5265253331742773,-0.023490161987833803,0.38622256449394843,0.03855854341821766,0.4606258645277213,-0.023490161987833803,0.38622256449394843,2.2,1713944833.291137,2024-04-24_17-47-13
1,0.16541765053296953,0.06953062100877153,0.16541765053296953,0.09792643623347741,0.13331696139073346,0.035125878681600796,0.060005665605098346,0.09792643623347741,0.13331696139073346,0.0771345131623847,0.5265253331742773,-0.02079192307109271,0.39320837178354384,0.04200863448078391,0.46651966756917895,-0.02079192307109271,0.39320837178354384,2.226,1713944833.3161557,2024-04-24_17-47-13
1,0.15839753114037022,0.06339400303748782,0.15839753114037022,0.09545606316595934,0.12640378901053928,0.03202574675055634,0.0547096990138517,0.09545606316595934,0.12640378901053928,0.0771345131623847,0.5265253331742773,-0.018321550003574626,0.400121544163738,0.045108766411828365,0.4718156341604256,-0.018321550003574626,0.400121544163738,2.25,1713944833.341206,2024-04-24_17-47-13
1,0.15024265001136133,0.056951929788849845,0.15024265001136133,0.09224063896799023,0.11859392229458177,0.028771303167187547,0.04915012126878088,0.09224063896799023,0.11859392229458177,0.0771345131623847,0.5265253331742773,-0.015106125805605528,0.40793141087969553,0.04836320999519716,0.4773752119054964,-0.015106125805605528,0.40793141087969553,2.276,1713944833.3660655,2024-04-24_17-47-13
1,0.14255668593863874,0.051216898803944325,0.14255668593863874,0.08878230527181383,0.11153524544479265,0.02587404725765672,0.044200728518905885,0.08878230527181383,0.11153524544479265,0.0771345131623847,0.5265253331742773,-0.011647792109429126,0.41499008772948465,0.051260465904727985,0.4823246046553714,-0.011647792109429126,0.41499008772948465,2.3,1713944833.3909128,2024-04-24_17-47-13
1,0.13420165812928905,0.04525604379370171,0.13420165812928905,0.08418082048190147,0.10451638391967288,0.022862708269299613,0.039056447232823754,0.08418082048190147,0.10451638391967288,0.0771345131623847,0.5265253331742773,-0.0070463073195167585,0.4220089492546044,0.05427180489308509,0.48746888594145354,-0.0070463073195167585,0.4220089492546044,2.326,1713944833.4162147,2024-04-24_17-47-13
1,0.12662770771921825,0.040006229461099566,0.12714752311459404,0.07938680626528632,0.09865247768414975,0.02021057689649556,0.034525801615675644,0.07986431001930265,0.09893525468364117,0.0771345131623847,0.5265253331742773,-0.002252293102901615,0.42787285549012755,0.056923936265889145,0.49199953155860165,-0.002729796856917951,0.4275900784906361,2.35,1713944833.4410522,2024-04-24_17-47-13
1,0.11826619707779903,0.03461351537797808,0.11826619707779903,0.07349630029608713,0.0926562853455295,0.01748625460654523,0.029871831993645792,0.07349630029608713,0.0926562853455295,0.0771345131623847,0.5265253331742773,0.0036382128662975823,0.4338690478287478,0.059648258555839474,0.4966535011806315,0.0036382128662975823,0.4338690478287478,2.376,1713944833.4663165,2024-04-24_17-47-13
1,0.10935521131829612,0.02992547181220092,0.10935521131829612,0.0665649579685469,0.08676213813130002,0.015117921817963155,0.025826000524447945,0.0665649579685469,0.08676213813130002,0.0771345131623847,0.5265253331742773,0.0105695551938378,0.4397631950429773,0.06201659134442155,0.5006993326498294,0.0105695551938378,0.4397631950429773,2.4,1713944833.491108,2024-04-24_17-47-13
1,0.10009200993113487,0.025179536570867182,0.10009200993113487,0.05903532549621462,0.08082846525581439,0.01272034298004665,0.021730207923386646,0.05903532549621462,0.08082846525581439,0.0771345131623847,0.5265253331742773,0.018099187666170087,0.4456968679184629,0.06441417018233805,0.5047951252508907,0.018099187666170087,0.4456968679184629,2.426,1713944833.516116,2024-04-24_17-47-13
1,0.09177251032511825,0.021121626003658734,0.09177251032511825,0.05215059012020559,0.07551496276558872,0.010670344400765058,0.018228187935378948,0.05215059012020559,0.07551496276558872,0.0771345131623847,0.5265253331742773,0.024983923042179113,0.4510103704086886,0.06646416876161965,0.5082971452388984,0.024983923042179113,0.4510103704086886,2.45,1713944833.5412953,2024-04-24_17-47-13
1,0.08341909514229735,0.01709167602684672,0.08341909514229735,0.04541833776516357,0.0699708512811526,0.008634471113216524,0.014750298234331272,0.04541833776516357,0.0699708512811526,0.0771345131623847,0.5265253331742773,0.03171617539722114,0.4565544818931247,0.06850004204916818,0.511775034939946,0.03171617539722114,0.4565544818931247,2.476,1713944833.566206,2024-04-24_17-47-13
1,0.07684689333227043,0.013723071931895772,0.07684689333227043,0.04050802891336401,0.06530348082893755,0.0069327003387161246,0.011843157064801213,0.04050802891336401,0.06530348082893755,0.0771345131623847,0.5265253331742773,0.036626484249020694,0.46122185234533974,0.07020181282366858,0.5146821761094761,0.036626484249020694,0.46122185234533974,2.5,1713944833.5911477,2024-04-24_17-47-13
1,0.06887611560024628,0.010467872964924484,0.06887611560024628,0.03511715917287728,0.05925119772464765,0.0052882202184554306,0.009033885727134039,0.03511715917287728,0.05925119772464765,0.0771345131623847,0.5265253331742773,0.04201735398950743,0.46727413544962965,0.07184629294392927,0.5174914474471433,0.04201735398950743,0.46727413544962965,2.526,1713944833.6160803,2024-04-24_17-47-13
1,0.06294729177487815,0.007837697175371212,0.06294729177487815,0.03132731824814841,0.05459817463222438,0.003959492898682498,0.006764016040645138,0.03132731824814841,0.05459817463222438,0.0771345131623847,0.5265253331742773,0.04580719491423629,0.4719271585420529,0.0731750202637022,0.5197613171336322,0.04580719491423629,0.4719271585420529,2.55,1713944833.641215,2024-04-24_17-47-13
1,0.057107557174837245,0.005404717349248833,0.057107557174837245,0.027471601855383304,0.0500657984853593,0.0027303861689097764,0.0046643285683898306,0.027471601855383304,0.0500657984853593,0.0771345131623847,0.5265253331742773,0.0496629113070014,0.476459534688918,0.07440412699347493,0.5218610046058875,0.0496629113070014,0.476459534688918,2.576,1713944833.6661596,2024-04-24_17-47-13
1,0.05227604350828823,0.0035513237507449886,0.05227604350828823,0.024107371559735455,0.04638555121329596,0.001794078140219979,0.0030648301762724595,0.024107371559735455,0.04638555121329596,0.0771345131623847,0.5265253331742773,0.05302714160264925,0.48013978196098134,0.07534043502216473,0.5234605029980048,0.05302714160264925,0.48013978196098134,2.6,1713944833.6910937,2024-04-24_17-47-13
1,0.04787491184253807,0.0019760413899297304,0.04787491184253807,0.020796889294774704,0.043121880520122,0.0009982679447626264,0.0017053447408588163,0.020796889294774704,0.043121880520122,0.0771345131623847,0.5265253331742773,0.05633762386761,0.4834034526541553,0.07613624521762208,0.5248199884334185,0.05633762386761,0.4834034526541553,2.626,1713944833.7160563,2024-04-24_17-47-13
1,0.0447190615973669,0.0009264566346203664,0.0447190615973669,0.01814719805204705,0.0408714285657949,0.0004680326865962592,0.0007995419314267282,0.01814719805204705,0.0408714285657949,0.0771345131623847,0.5265253331742773,0.058987315110337654,0.4856539046084824,0.07666648047578845,0.5257257912428506,0.058987315110337654,0.4856539046084824,2.65,1713944833.7409415,2024-04-24_17-47-13
1,0.041978784695278146,0.0002318429031600352,0.041978784695278146,0.01512523828146102,0.0391592330290258,0.00011712373011257826,0.0002000828917978481,0.01512523828146102,0.0391592330290258,0.0771345131623847,0.5265253331742773,0.062009274880923684,0.4873661001452515,0.07701738943227213,0.5263252502824795,0.062009274880923684,0.4873661001452515,2.676,1713944833.76624,2024-04-24_17-47-13
1,0.039504518725301155,1.372300236715043e-06,0.039504518725301155,0.012365068197165138,0.03751948944478223,6.932665195524823e-07,1.1843097029728966e-06,0.012365068197165138,0.03751948944478223,0.0771345131623847,0.5265253331742773,0.06476944496521957,0.48900584372949507,0.07713381989586515,0.5265241488645743,0.06476944496521957,0.48900584372949507,2.7,1713944833.7911098,2024-04-24_17-47-13
1,0.036707872794459966,1.1102230246251565e-16,0.036707872794459966,0.010108237119341584,0.03528868752778175,0.0,1.1102230246251565e-16,0.010108237119341584,0.03528868752778175,0.0771345131623847,0.5265253331742773,0.06702627604304312,0.49123664564649555,0.0771345131623847,0.5265253331742774,0.06702627604304312,0.49123664564649555,2.726,1713944833.8162165,2024-04-24_17-47-13
1,0.034075454372316946,1.1102230246251565e-16,0.034075454372316946,0.007930672029963379,0.03313971985145636,0.0,1.1102230246251565e-16,0.007930672029963379,0.03313971985145636,0.0771345131623847,0.5265253331742773,0.06920384113242133,0.49338561332282094,0.0771345131623847,0.5265253331742774,0.06920384113242133,0.49338561332282094,2.75,1713944833.841372,2024-04-24_17-47-13
1,0.031237639219132547,1.1102230246251565e-16,0.031237639219132547,0.005663536584482681,0.030719935829049416,0.0,1.1102230246251565e-16,0.005663536584482681,0.030719935829049416,0.0771345131623847,0.5265253331742773,0.07147097657790202,0.4958053973452279,0.0771345131623847,0.5265253331742774,0.07147097657790202,0.4958053973452279,2.776,1713944833.8660069,2024-04-24_17-47-13
1,0.028761511015973393,1.1102230246251565e-16,0.028761511015973393,0.0037933081509015504,0.028510267083881602,0.0,1.1102230246251565e-16,0.0037933081509015504,0.028510267083881602,0.0771345131623847,0.5265253331742773,0.07334120501148315,0.4980150660903957,0.0771345131623847,0.5265253331742774,0.07334120501148315,0.4980150660903957,2.8,1713944833.8911307,2024-04-24_17-47-13
1,0.02582755390082134,1.1102230246251565e-16,0.02582755390082134,0.0017504539158998134,0.02576816740841581,0.0,1.1102230246251565e-16,0.0017504539158998134,0.02576816740841581,0.0771345131623847,0.5265253331742773,0.07538405924648489,0.5007571657658615,0.0771345131623847,0.5265253331742774,0.07538405924648489,0.5007571657658615,2.826,1713944833.9165618,2024-04-24_17-47-13
1,0.02350607321928013,1.1102230246251565e-16,0.02350607321928013,0.0001912299363337755,0.023505295345977006,0.0,1.1102230246251565e-16,0.0001912299363337755,0.023505295345977006,0.0771345131623847,0.5265253331742773,0.07694328322605093,0.5030200378283003,0.0771345131623847,0.5265253331742774,0.07694328322605093,0.5030200378283003,2.85,1713944833.9410195,2024-04-24_17-47-13
1,0.021172211290205085,1.1102230246251565e-16,0.021172211290205085,0.00149465004917948,0.02111938806281033,0.0,1.1102230246251565e-16,0.00149465004917948,0.02111938806281033,0.0771345131623847,0.5265253331742773,0.07862916321156418,0.505405945111467,0.0771345131623847,0.5265253331742774,0.07862916321156418,0.505405945111467,2.876,1713944833.9661798,2024-04-24_17-47-13
1,0.019053554742582527,1.1102230246251565e-16,0.019053554742582527,0.0029005375048808124,0.01883148508512722,0.0,1.1102230246251565e-16,0.0029005375048808124,0.01883148508512722,0.0771345131623847,0.5265253331742773,0.08003505066726552,0.5076938480891501,0.0771345131623847,0.5265253331742774,0.08003505066726552,0.5076938480891501,2.9,1713944833.9912481,2024-04-24_17-47-13
1,0.017289557793988785,1.1102230246251565e-16,0.017289557793988785,0.004531122319435171,0.0166852551445279,0.0,1.1102230246251565e-16,0.004531122319435171,0.0166852551445279,0.0771345131623847,0.5265253331742773,0.08166563548181988,0.5098400780297494,0.0771345131623847,0.5265253331742774,0.08166563548181988,0.5098400780297494,2.926,1713944834.016087,2024-04-24_17-47-14
1,0.016350389571408705,1.1102230246251565e-16,0.016350389571408705,0.005748541026155768,0.015306518716136419,0.0,1.1102230246251565e-16,0.005748541026155768,0.015306518716136419,0.0771345131623847,0.5265253331742773,0.08288305418854047,0.5112188144581409,0.0771345131623847,0.5265253331742774,0.08288305418854047,0.5112188144581409,2.95,1713944834.0409842,2024-04-24_17-47-14
1,0.015561066708162527,1.1102230246251565e-16,0.015561066708162527,0.006295282683773787,0.014230819127065808,0.0,1.1102230246251565e-16,0.006295282683773787,0.014230819127065808,0.0771345131623847,0.5265253331742773,0.08342979584615849,0.5122945140472115,0.0771345131623847,0.5265253331742774,0.08342979584615849,0.5122945140472115,2.976,1713944834.0662832,2024-04-24_17-47-14
1,0.015191475437955359,1.1102230246251565e-16,0.015191475437955359,0.00638619860203099,0.01378395420035261,0.0,1.1102230246251565e-16,0.00638619860203099,0.01378395420035261,0.0771345131623847,0.5265253331742773,0.0835207117644157,0.5127413789739247,0.0771345131623847,0.5265253331742774,0.0835207117644157,0.5127413789739247,3.0,1713944834.0912094,2024-04-24_17-47-14
1,0.014722782662181987,1.1102230246251565e-16,0.014722782662181987,0.005684963898737724,0.013580924666159344,0.0,1.1102230246251565e-16,0.005684963898737724,0.013580924666159344,0.0771345131623847,0.5265253331742773,0.08281947706112243,0.512944408508118,0.0771345131623847,0.5265253331742774,0.08281947706112243,0.512944408508118,3.026,1713944834.1160836,2024-04-24_17-47-14
1,0.01401857870651233,1.1102230246251565e-16,0.01401857870651233,0.004560555015518164,0.013256013235551367,0.0,1.1102230246251565e-16,0.004560555015518164,0.013256013235551367,0.0771345131623847,0.5265253331742773,0.08169506817790287,0.5132693199387259,0.0771345131623847,0.5265253331742774,0.08169506817790287,0.5132693199387259,3.05,1713944834.141035,2024-04-24_17-47-14
1,0.013083600734203213,1.1102230246251565e-16,0.013083600734203213,0.0031126840824271806,0.012707942633449654,0.0,1.1102230246251565e-16,0.0031126840824271806,0.012707942633449654,0.0771345131623847,0.5265253331742773,0.08024719724481189,0.5138173905408276,0.0771345131623847,0.5265253331742774,0.08024719724481189,0.5138173905408276,3.076,1713944834.166084,2024-04-24_17-47-14
1,0.012793275226248575,1.1102230246251565e-16,0.012793275226248575,0.0027920406717806823,0.012484886859786437,0.0,1.1102230246251565e-16,0.0027920406717806823,0.012484886859786437,0.0771345131623847,0.5265253331742773,0.07992655383416539,0.5140404463144909,0.0771345131623847,0.5265253331742774,0.07992655383416539,0.5140404463144909,3.1,1713944834.1909957,2024-04-24_17-47-14
1,0.012206981278150512,1.1102230246251565e-16,0.012206981278150512,0.0026394528605691303,0.011918207940875614,0.0,1.1102230246251565e-16,0.0026394528605691303,0.011918207940875614,0.0771345131623847,0.5265253331742773,0.07977396602295383,0.5146071252334017,0.0771345131623847,0.5265253331742774,0.07977396602295383,0.5146071252334017,3.126,1713944834.216111,2024-04-24_17-47-14
1,0.010754721623507029,1.1102230246251565e-16,0.010754721623507029,0.002013576209810422,0.010564542017826195,0.0,1.1102230246251565e-16,0.002013576209810422,0.010564542017826195,0.0771345131623847,0.5265253331742773,0.07914808937219513,0.5159607911564511,0.0771345131623847,0.5265253331742774,0.07914808937219513,0.5159607911564511,3.15,1713944834.2408633,2024-04-24_17-47-14
1,0.00841637319879842,1.1102230246251565e-16,0.00841637319879842,0.0003861077106128846,0.00840751203729484,0.0,1.1102230246251565e-16,0.0003861077106128846,0.00840751203729484,0.0771345131623847,0.5265253331742773,0.07752062087299759,0.5181178211369825,0.0771345131623847,0.5265253331742774,0.07752062087299759,0.5181178211369825,3.176,1713944834.2661068,2024-04-24_17-47-14
1,0.006235228978661985,1.1102230246251565e-16,0.006235228978661985,0.0018496773244442016,0.005954559111452595,0.0,1.1102230246251565e-16,0.0018496773244442016,0.005954559111452595,0.0771345131623847,0.5265253331742773,0.0752848358379405,0.5205707740628247,0.0771345131623847,0.5265253331742774,0.0752848358379405,0.5205707740628247,3.2,1713944834.2909257,2024-04-24_17-47-14
1,0.005689464586104575,1.1102230246251565e-16,0.005689464586104575,0.0046994323883857575,0.003207076940693665,0.0,1.1102230246251565e-16,0.0046994323883857575,0.003207076940693665,0.0771345131623847,0.5265253331742773,0.07243508077399895,0.5233182562335836,0.0771345131623847,0.5265253331742774,0.07243508077399895,0.5233182562335836,3.226,1713944834.3158946,2024-04-24_17-47-14
1,0.006801919516818838,1.1102230246251565e-16,0.006801919516818838,0.006690135121359311,0.001228088421586837,0.0,1.1102230246251565e-16,0.006690135121359311,0.001228088421586837,0.0771345131623847,0.5265253331742773,0.0704443780410254,0.5252972447526905,0.0771345131623847,0.5265253331742774,0.0704443780410254,0.5252972447526905,3.25,1713944834.341127,2024-04-24_17-47-14
1,0.008084865613785868,1.1102230246251565e-16,0.008084865613785868,0.008072670093241696,0.00044390264547333746,0.0,1.1102230246251565e-16,0.008072670093241696,0.00044390264547333746,0.0771345131623847,0.5265253331742773,0.06906184306914301,0.5269692358197506,0.0771345131623847,0.5265253331742774,0.06906184306914301,0.5269692358197506,3.276,1713944834.3671634,2024-04-24_17-47-14
1,0.008579248655843218,1.1102230246251565e-16,0.008579248655843218,0.00851115766253574,0.0010787505468118352,0.0,1.1102230246251565e-16,0.00851115766253574,0.0010787505468118352,0.0771345131623847,0.5265253331742773,0.06862335549984896,0.5276040837210891,0.0771345131623847,0.5265253331742774,0.06862335549984896,0.5276040837210891,3.3,1713944834.3911316,2024-04-24_17-47-14
1,0.008579248655843218,1.1102230246251565e-16,0.008579248655843218,0.00851115766253574,0.0010787505468118352,0.0,1.1102230246251565e-16,0.00851115766253574,0.0010787505468118352,0.0771345131623847,0.5265253331742773,0.06862335549984896,0.5276040837210891,0.0771345131623847,0.5265253331742774,0.06862335549984896,0.5276040837210891,3.326,1713944834.4162216,2024-04-24_17-47-14
1,0.008579248655843218,1.1102230246251565e-16,0.008579248655843218,0.00851115766253574,0.0010787505468118352,0.0,1.1102230246251565e-16,0.00851115766253574,0.0010787505468118352,0.0771345131623847,0.5265253331742773,0.06862335549984896,0.5276040837210891,0.0771345131623847,0.5265253331742774,0.06862335549984896,0.5276040837210891,3.35,1713944834.4424026,2024-04-24_17-47-14
1,0.008579248655843218,1.1102230246251565e-16,0.008579248655843218,0.00851115766253574,0.0010787505468118352,0.0,1.1102230246251565e-16,0.00851115766253574,0.0010787505468118352,0.0771345131623847,0.5265253331742773,0.06862335549984896,0.5276040837210891,0.0771345131623847,0.5265253331742774,0.06862335549984896,0.5276040837210891,3.376,1713944834.4662256,2024-04-24_17-47-14
1,0.008726938240877547,1.1102230246251565e-16,0.008726938240877547,0.00865481608540962,0.0011196470818189974,0.0,1.1102230246251565e-16,0.00865481608540962,0.0011196470818189974,0.0771345131623847,0.5265253331742773,0.06847969707697509,0.5276449802560963,0.0771345131623847,0.5265253331742774,0.06847969707697509,0.5276449802560963,3.4,1713944834.491019,2024-04-24_17-47-14
1,0.008726938240877547,1.1102230246251565e-16,0.008726938240877547,0.00865481608540962,0.0011196470818189974,0.0,1.1102230246251565e-16,0.00865481608540962,0.0011196470818189974,0.0771345131623847,0.5265253331742773,0.06847969707697509,0.5276449802560963,0.0771345131623847,0.5265253331742774,0.06847969707697509,0.5276449802560963,3.426,1713944834.5159912,2024-04-24_17-47-14
1,0.009022619401183587,1.1102230246251565e-16,0.009022619401183587,0.008942270803269911,0.001201438196330118,0.0,1.1102230246251565e-16,0.008942270803269911,0.001201438196330118,0.0771345131623847,0.5265253331742773,0.0681922423591148,0.5277267713706074,0.0771345131623847,0.5265253331742774,0.0681922423591148,0.5277267713706074,3.45,1713944834.5410259,2024-04-24_17-47-14
1,0.009318685309526242,1.1102230246251565e-16,0.009318685309526242,0.009229909278103202,0.0012832266424777083,0.0,1.1102230246251565e-16,0.009229909278103202,0.0012832266424777083,0.0771345131623847,0.5265253331742773,0.0679046038842815,0.527808559816755,0.0771345131623847,0.5265253331742774,0.0679046038842815,0.527808559816755,3.476,1713944834.566019,2024-04-24_17-47-14
1,0.009911896765880076,1.1102230246251565e-16,0.009911896765880076,0.009805737149302954,0.0014467952364601855,0.0,1.1102230246251565e-16,0.009805737149302954,0.0014467952364601855,0.0771345131623847,0.5265253331742773,0.06732877601308175,0.5279721284107375,0.0771345131623847,0.5265253331742774,0.06732877601308175,0.5279721284107375,3.5,1713944834.5909686,2024-04-24_17-47-14
1,0.010612376278024456,1.1102230246251565e-16,0.010612376278024456,0.010507300134169048,0.0014896892819871166,0.0,1.1102230246251565e-16,0.010507300134169048,0.0014896892819871166,0.0771345131623847,0.5265253331742773,0.06662721302821566,0.5280150224562644,0.0771345131623847,0.5265253331742774,0.06662721302821566,0.5280150224562644,3.526,1713944834.61591,2024-04-24_17-47-14
1,0.011058412441164253,1.1102230246251565e-16,0.011058412441164253,0.010940237019185728,0.0016123584226016563,0.0,1.1102230246251565e-16,0.010940237019185728,0.0016123584226016563,0.0771345131623847,0.5265253331742773,0.06619427614319898,0.528137691596879,0.0771345131623847,0.5265253331742774,0.06619427614319898,0.528137691596879,3.55,1713944834.6408005,2024-04-24_17-47-14
1,0.011803373695049408,1.1102230246251565e-16,0.011803373695049408,0.011662714072456698,0.0018167914159596954,0.0,1.1102230246251565e-16,0.011662714072456698,0.0018167914159596954,0.0771345131623847,0.5265253331742773,0.065471799089928,0.528342124590237,0.0771345131623847,0.5265253331742774,0.065471799089928,0.528342124590237,3.576,1713944834.6658742,2024-04-24_17-47-14
1,0.012953834882397729,1.1102230246251565e-16,0.012953834882397729,0.012801252842444225,0.001982363191808667,0.0,1.1102230246251565e-16,0.012801252842444225,0.001982363191808667,0.0771345131623847,0.5265253331742773,0.06433326031994048,0.528507696366086,0.0771345131623847,0.5265253331742774,0.06433326031994048,0.528507696366086,3.6,1713944834.6908867,2024-04-24_17-47-14
1,0.014876774227776534,1.1102230246251565e-16,0.014876774227776534,0.014753780164790883,0.0019090265250276683,0.0,1.1102230246251565e-16,0.014753780164790883,0.0019090265250276683,0.0771345131623847,0.5265253331742773,0.06238073299759382,0.528434359699305,0.0771345131623847,0.5265253331742774,0.06238073299759382,0.528434359699305,3.626,1713944834.7160287,2024-04-24_17-47-14
1,0.01748443856672964,1.1102230246251565e-16,0.01748443856672964,0.01739982590138292,0.0017180368434078774,0.0,1.1102230246251565e-16,0.01739982590138292,0.0017180368434078774,0.0771345131623847,0.5265253331742773,0.059734687261001784,0.5282433700176852,0.0771345131623847,0.5265253331742774,0.059734687261001784,0.5282433700176852,3.65,1713944834.7409883,2024-04-24_17-47-14
1,0.02041159222349965,1.1102230246251565e-16,0.02041159222349965,0.020348013236078544,0.0016097995039145996,0.0,1.1102230246251565e-16,0.020348013236078544,0.0016097995039145996,0.0771345131623847,0.5265253331742773,0.05678649992630616,0.5281351326781919,0.0771345131623847,0.5265253331742774,0.05678649992630616,0.5281351326781919,3.676,1713944834.7658567,2024-04-24_17-47-14
1,0.022756913926422668,1.1102230246251565e-16,0.022756913926422668,0.022717492098431602,0.0013389115774791183,0.0,1.1102230246251565e-16,0.022717492098431602,0.0013389115774791183,0.0771345131623847,0.5265253331742773,0.0544170210639531,0.5278642447517564,0.0771345131623847,0.5265253331742774,0.0544170210639531,0.5278642447517564,3.7,1713944834.7910967,2024-04-24_17-47-14
1,0.023624911610899902,1.1102230246251565e-16,0.023624911610899902,0.023615700251818333,0.0006596591840491994,0.0,1.1102230246251565e-16,0.023615700251818333,0.0006596591840491994,0.0771345131623847,0.5265253331742773,0.05351881291056637,0.5271849923583265,0.0771345131623847,0.5265253331742774,0.05351881291056637,0.5271849923583265,3.726,1713944834.8159657,2024-04-24_17-47-14
1,0.023223846840815063,1.1102230246251565e-16,0.023223846840815063,0.023223428489081883,0.0001393961912526942,0.0,1.1102230246251565e-16,0.023223428489081883,0.0001393961912526942,0.0771345131623847,0.5265253331742773,0.05391108467330282,0.52666472936553,0.0771345131623847,0.5265253331742774,0.05391108467330282,0.52666472936553,3.75,1713944834.8409681,2024-04-24_17-47-14
1,0.02146091197586554,1.1102230246251565e-16,0.02146091197586554,0.02145802626900848,0.00035192538185091493,0.0,1.1102230246251565e-16,0.02145802626900848,0.00035192538185091493,0.0771345131623847,0.5265253331742773,0.055676486893376224,0.5261734077924264,0.0771345131623847,0.5265253331742774,0.055676486893376224,0.5261734077924264,3.776,1713944834.8658586,2024-04-24_17-47-14
1,0.01885354406595953,1.1102230246251565e-16,0.01885354406595953,0.018822060745721986,0.0010891065748719342,0.0,1.1102230246251565e-16,0.018822060745721986,0.0010891065748719342,0.0771345131623847,0.5265253331742773,0.05831245241666272,0.5254362265994054,0.0771345131623847,0.5265253331742774,0.05831245241666272,0.5254362265994054,3.8,1713944834.8912907,2024-04-24_17-47-14
1,0.01533162322660474,1.1102230246251565e-16,0.01533162322660474,0.015185280448048594,0.0021132743496004025,0.0,1.1102230246251565e-16,0.015185280448048594,0.0021132743496004025,0.0771345131623847,0.5265253331742773,0.06194923271433611,0.5244120588246769,0.0771345131623847,0.5265253331742774,0.06194923271433611,0.5244120588246769,3.826,1713944834.9160955,2024-04-24_17-47-14
1,0.012381047958189199,1.1102230246251565e-16,0.012381047958189199,0.012008402617591799,0.00301473300920585,0.0,1.1102230246251565e-16,0.012008402617591799,0.00301473300920585,0.0771345131623847,0.5265253331742773,0.0651261105447929,0.5235106001650714,0.0771345131623847,0.5265253331742774,0.0651261105447929,0.5235106001650714,3.85,1713944834.9410205,2024-04-24_17-47-14
1,0.01050210079712777,1.1102230246251565e-16,0.01050210079712777,0.009855022651370171,0.0036294145111867016,0.0,1.1102230246251565e-16,0.009855022651370171,0.0036294145111867016,0.0771345131623847,0.5265253331742773,0.06727949051101453,0.5228959186630906,0.0771345131623847,0.5265253331742774,0.06727949051101453,0.5228959186630906,3.876,1713944834.965835,2024-04-24_17-47-14
1,0.0102632357012973,1.1102230246251565e-16,0.0102632357012973,0.009568684148975187,0.0037113731579476728,0.0,1.1102230246251565e-16,0.009568684148975187,0.0037113731579476728,0.0771345131623847,0.5265253331742773,0.06756582901340952,0.5228139600163296,0.0771345131623847,0.5265253331742774,0.06756582901340952,0.5228139600163296,3.9,1713944834.9908378,2024-04-24_17-47-14
1,0.010104332187237504,1.1102230246251565e-16,0.010104332187237504,0.009444663158757832,0.003591081559592646,0.0,1.1102230246251565e-16,0.009444663158757832,0.003591081559592646,0.0771345131623847,0.5265253331742773,0.06768985000362687,0.5229342516146847,0.0771345131623847,0.5265253331742774,0.06768985000362687,0.5229342516146847,3.926,1713944835.01582,2024-04-24_17-47-15
1,0.010104332187237504,1.1102230246251565e-16,0.010104332187237504,0.009444663158757832,0.003591081559592646,0.0,1.1102230246251565e-16,0.009444663158757832,0.003591081559592646,0.0771345131623847,0.5265253331742773,0.06768985000362687,0.5229342516146847,0.0771345131623847,0.5265253331742774,0.06768985000362687,0.5229342516146847,3.95,1713944835.041017,2024-04-24_17-47-15
1,0.010104332187237504,1.1102230246251565e-16,0.010104332187237504,0.009444663158757832,0.003591081559592646,0.0,1.1102230246251565e-16,0.009444663158757832,0.003591081559592646,0.0771345131623847,0.5265253331742773,0.06768985000362687,0.5229342516146847,0.0771345131623847,0.5265253331742774,0.06768985000362687,0.5229342516146847,3.976,1713944835.066012,2024-04-24_17-47-15
1,0.010104332187237504,1.1102230246251565e-16,0.010104332187237504,0.009444663158757832,0.003591081559592646,0.0,1.1102230246251565e-16,0.009444663158757832,0.003591081559592646,0.0771345131623847,0.5265253331742773,0.06768985000362687,0.5229342516146847,0.0771345131623847,0.5265253331742774,0.06768985000362687,0.5229342516146847,4.0,1713944835.0909264,2024-04-24_17-47-15
1,0.010104332187237504,1.1102230246251565e-16,0.010104332187237504,0.009444663158757832,0.003591081559592646,0.0,1.1102230246251565e-16,0.009444663158757832,0.003591081559592646,0.0771345131623847,0.5265253331742773,0.06768985000362687,0.5229342516146847,0.0771345131623847,0.5265253331742774,0.06768985000362687,0.5229342516146847,4.026,1713944835.115863,2024-04-24_17-47-15
1,0.010237500749711342,1.1102230246251565e-16,0.010237500749711342,0.009549861536104584,0.003688707936604696,0.0,1.1102230246251565e-16,0.009549861536104584,0.003688707936604696,0.0771345131623847,0.5265253331742773,0.06758465162628012,0.5228366252376726,0.0771345131623847,0.5265253331742774,0.06758465162628012,0.5228366252376726,4.05,1713944835.1409295,2024-04-24_17-47-15
1,0.010335283634774055,1.1102230246251565e-16,0.010335283634774055,0.009360147866736182,0.004382433082667947,0.0,1.1102230246251565e-16,0.009360147866736182,0.004382433082667947,0.0771345131623847,0.5265253331742773,0.06777436529564852,0.5221429000916094,0.0771345131623847,0.5265253331742774,0.06777436529564852,0.5221429000916094,4.076,1713944835.1661394,2024-04-24_17-47-15
1,0.010492470895458524,1.1102230246251565e-16,0.010492470895458524,0.008913306207813276,0.00553578521420417,0.0,1.1102230246251565e-16,0.008913306207813276,0.00553578521420417,0.0771345131623847,0.5265253331742773,0.06822120695457143,0.5209895479600731,0.0771345131623847,0.5265253331742774,0.06822120695457143,0.5209895479600731,4.1,1713944835.1908767,2024-04-24_17-47-15
1,0.010449001080609418,1.1102230246251565e-16,0.010449001080609418,0.008294056055540192,0.006355333014888664,0.0,1.1102230246251565e-16,0.008294056055540192,0.006355333014888664,0.0771345131623847,0.5265253331742773,0.06884045710684451,0.5201700001593886,0.0771345131623847,0.5265253331742774,0.06884045710684451,0.5201700001593886,4.126,1713944835.2158494,2024-04-24_17-47-15
1,0.010172482181538876,1.1102230246251565e-16,0.010172482181538876,0.0073415962817782315,0.007041332101889952,0.0,1.1102230246251565e-16,0.0073415962817782315,0.007041332101889952,0.0771345131623847,0.5265253331742773,0.06979291688060647,0.5194840010723873,0.0771345131623847,0.5265253331742774,0.06979291688060647,0.5194840010723873,4.15,1713944835.2407784,2024-04-24_17-47-15
1,0.009571244803751227,1.1102230246251565e-16,0.009571244803751227,0.006058625306976456,0.007409573974460293,0.0,1.1102230246251565e-16,0.006058625306976456,0.007409573974460293,0.0771345131623847,0.5265253331742773,0.07107588785540825,0.519115759199817,0.0771345131623847,0.5265253331742774,0.07107588785540825,0.519115759199817,4.176,1713944835.2662303,2024-04-24_17-47-15
1,0.009090549789958168,1.1102230246251565e-16,0.009090549789958168,0.004637481120992104,0.007818686867764324,0.0,1.1102230246251565e-16,0.004637481120992104,0.007818686867764324,0.0771345131623847,0.5265253331742773,0.0724970320413926,0.518706646306513,0.0771345131623847,0.5265253331742774,0.0724970320413926,0.518706646306513,4.2,1713944835.2908294,2024-04-24_17-47-15
1,0.008909075410048478,1.1102230246251565e-16,0.008909075410048478,0.0037870114772830255,0.00806412851663818,0.0,1.1102230246251565e-16,0.0037870114772830255,0.00806412851663818,0.0771345131623847,0.5265253331742773,0.07334750168510168,0.5184612046576391,0.0771345131623847,0.5265253331742774,0.07334750168510168,0.5184612046576391,4.226,1713944835.3158019,2024-04-24_17-47-15
1,0.008909075410048478,1.1102230246251565e-16,0.008909075410048478,0.0037870114772830255,0.00806412851663818,0.0,1.1102230246251565e-16,0.0037870114772830255,0.00806412851663818,0.0771345131623847,0.5265253331742773,0.07334750168510168,0.5184612046576391,0.0771345131623847,0.5265253331742774,0.07334750168510168,0.5184612046576391,4.25,1713944835.3406765,2024-04-24_17-47-15
1,0.008909075410048478,1.1102230246251565e-16,0.008909075410048478,0.0037870114772830255,0.00806412851663818,0.0,1.1102230246251565e-16,0.0037870114772830255,0.00806412851663818,0.0771345131623847,0.5265253331742773,0.07334750168510168,0.5184612046576391,0.0771345131623847,0.5265253331742774,0.07334750168510168,0.5184612046576391,4.276,1713944835.3660057,2024-04-24_17-47-15
1,0.008909075410048478,1.1102230246251565e-16,0.008909075410048478,0.0037870114772830255,0.00806412851663818,0.0,1.1102230246251565e-16,0.0037870114772830255,0.00806412851663818,0.0771345131623847,0.5265253331742773,0.07334750168510168,0.5184612046576391,0.0771345131623847,0.5265253331742774,0.07334750168510168,0.5184612046576391,4.3,1713944835.3908985,2024-04-24_17-47-15
1,0.008909075410048478,1.1102230246251565e-16,0.008909075410048478,0.0037870114772830255,0.00806412851663818,0.0,1.1102230246251565e-16,0.0037870114772830255,0.00806412851663818,0.0771345131623847,0.5265253331742773,0.07334750168510168,0.5184612046576391,0.0771345131623847,0.5265253331742774,0.07334750168510168,0.5184612046576391,4.326,1713944835.415975,2024-04-24_17-47-15
1,0.008909075410048478,1.1102230246251565e-16,0.008909075410048478,0.0037870114772830255,0.00806412851663818,0.0,1.1102230246251565e-16,0.0037870114772830255,0.00806412851663818,0.0771345131623847,0.5265253331742773,0.07334750168510168,0.5184612046576391,0.0771345131623847,0.5265253331742774,0.07334750168510168,0.5184612046576391,4.35,1713944835.4409597,2024-04-24_17-47-15
1,0.008909075410048478,1.1102230246251565e-16,0.008909075410048478,0.0037870114772830255,0.00806412851663818,0.0,1.1102230246251565e-16,0.0037870114772830255,0.00806412851663818,0.0771345131623847,0.5265253331742773,0.07334750168510168,0.5184612046576391,0.0771345131623847,0.5265253331742774,0.07334750168510168,0.5184612046576391,4.376,1713944835.465853,2024-04-24_17-47-15
1,0.008909075410048478,1.1102230246251565e-16,0.008909075410048478,0.0037870114772830255,0.00806412851663818,0.0,1.1102230246251565e-16,0.0037870114772830255,0.00806412851663818,0.0771345131623847,0.5265253331742773,0.07334750168510168,0.5184612046576391,0.0771345131623847,0.5265253331742774,0.07334750168510168,0.5184612046576391,4.4,1713944835.4907463,2024-04-24_17-47-15
1,0.008835742093338761,1.1102230246251565e-16,0.008835742093338761,0.0032209568116329523,0.008227744256939062,0.0,1.1102230246251565e-16,0.0032209568116329523,0.008227744256939062,0.0771345131623847,0.5265253331742773,0.07391355635075175,0.5182975889173382,0.0771345131623847,0.5265253331742774,0.07391355635075175,0.5182975889173382,4.426,1713944835.5158179,2024-04-24_17-47-15
1,0.008814258761449577,1.1102230246251565e-16,0.008814258761449577,0.0019500435670237598,0.008595841296842321,0.0,1.1102230246251565e-16,0.0019500435670237598,0.008595841296842321,0.0771345131623847,0.5265253331742773,0.07518446959536094,0.517929491877435,0.0771345131623847,0.5265253331742774,0.07518446959536094,0.517929491877435,4.45,1713944835.5406606,2024-04-24_17-47-15
1,0.00909030309915356,1.1102230246251565e-16,0.00909030309915356,0.0002613397088794406,0.009086545657786771,0.0,1.1102230246251565e-16,0.0002613397088794406,0.009086545657786771,0.0771345131623847,0.5265253331742773,0.07687317345350526,0.5174387875164905,0.0771345131623847,0.5265253331742774,0.07687317345350526,0.5174387875164905,4.476,1713944835.565793,2024-04-24_17-47-15
1,0.009621875107191112,1.1102230246251565e-16,0.009621875107191112,0.0012807549124801143,0.009536254371216302,0.0,1.1102230246251565e-16,0.0012807549124801143,0.009536254371216302,0.0771345131623847,0.5265253331742773,0.07841526807486482,0.516989078803061,0.0771345131623847,0.5265253331742774,0.07841526807486482,0.516989078803061,4.5,1713944835.5909927,2024-04-24_17-47-15
1,0.010454787300497011,1.1102230246251565e-16,0.010454787300497011,0.0032189965739657794,0.009946890898940741,0.0,1.1102230246251565e-16,0.0032189965739657794,0.009946890898940741,0.0771345131623847,0.5265253331742773,0.08035350973635048,0.5165784422753366,0.0771345131623847,0.5265253331742774,0.08035350973635048,0.5165784422753366,4.526,1713944835.6161356,2024-04-24_17-47-15
1,0.011058672482490393,1.1102230246251565e-16,0.011058672482490393,0.00419305863638772,0.010232912407853623,0.0,1.1102230246251565e-16,0.00419305863638772,0.010232912407853623,0.0771345131623847,0.5265253331742773,0.08132757179877242,0.5162924207664237,0.0771345131623847,0.5265253331742774,0.08132757179877242,0.5162924207664237,4.55,1713944835.640804,2024-04-24_17-47-15
1,0.011058672482490393,1.1102230246251565e-16,0.011058672482490393,0.00419305863638772,0.010232912407853623,0.0,1.1102230246251565e-16,0.00419305863638772,0.010232912407853623,0.0771345131623847,0.5265253331742773,0.08132757179877242,0.5162924207664237,0.0771345131623847,0.5265253331742774,0.08132757179877242,0.5162924207664237,4.576,1713944835.6656182,2024-04-24_17-47-15
1,0.011058672482490393,1.1102230246251565e-16,0.011058672482490393,0.00419305863638772,0.010232912407853623,0.0,1.1102230246251565e-16,0.00419305863638772,0.010232912407853623,0.0771345131623847,0.5265253331742773,0.08132757179877242,0.5162924207664237,0.0771345131623847,0.5265253331742774,0.08132757179877242,0.5162924207664237,4.6,1713944835.6906698,2024-04-24_17-47-15
1,0.010968741570327399,1.1102230246251565e-16,0.010968741570327399,0.004054047312709141,0.010192055338494987,0.0,1.1102230246251565e-16,0.004054047312709141,0.010192055338494987,0.0771345131623847,0.5265253331742773,0.08118856047509385,0.5163332778357823,0.0771345131623847,0.5265253331742774,0.08118856047509385,0.5163332778357823,4.626,1713944835.7159119,2024-04-24_17-47-15
1,0.010879979087801077,1.1102230246251565e-16,0.010879979087801077,0.003914989173499389,0.010151197206358042,0.0,1.1102230246251565e-16,0.003914989173499389,0.010151197206358042,0.0771345131623847,0.5265253331742773,0.0810495023358841,0.5163741359679193,0.0771345131623847,0.5265253331742774,0.0810495023358841,0.5163741359679193,4.65,1713944835.7407355,2024-04-24_17-47-15
1,0.010454787300497011,1.1102230246251565e-16,0.010454787300497011,0.0032189965739657794,0.009946890898940741,0.0,1.1102230246251565e-16,0.0032189965739657794,0.009946890898940741,0.0771345131623847,0.5265253331742773,0.08035350973635048,0.5165784422753366,0.0771345131623847,0.5265253331742774,0.08035350973635048,0.5165784422753366,4.676,1713944835.765781,2024-04-24_17-47-15
1,0.009702872760815249,1.1102230246251565e-16,0.009702872760815249,0.0020646647064449103,0.00948065923143171,0.0,1.1102230246251565e-16,0.0020646647064449103,0.00948065923143171,0.0771345131623847,0.5265253331742773,0.07919917786882961,0.5170446739428456,0.0771345131623847,0.5265253331742774,0.07919917786882961,0.5170446739428456,4.7,1713944835.79074,2024-04-24_17-47-15
1,0.008887431739069683,1.1102230246251565e-16,0.008887431739069683,0.0011108607622212219,0.008817733908640046,0.0,1.1102230246251565e-16,0.0011108607622212219,0.008817733908640046,0.0771345131623847,0.5265253331742773,0.07824537392460593,0.5177075992656373,0.0771345131623847,0.5265253331742774,0.07824537392460593,0.5177075992656373,4.726,1713944835.8159013,2024-04-24_17-47-15
1,0.008261185443657823,1.1102230246251565e-16,0.008261185443657823,0.000817775236271398,0.008220609989377015,0.0,1.1102230246251565e-16,0.000817775236271398,0.008220609989377015,0.0771345131623847,0.5265253331742773,0.0779522883986561,0.5183047231849003,0.0771345131623847,0.5265253331742774,0.0779522883986561,0.5183047231849003,4.75,1713944835.8406267,2024-04-24_17-47-15
1,0.007160214736993247,1.1102230246251565e-16,0.007160214736993247,0.000673113363556202,0.007128505697525767,0.0,1.1102230246251565e-16,0.000673113363556202,0.007128505697525767,0.0771345131623847,0.5265253331742773,0.0778076265259409,0.5193968274767515,0.0771345131623847,0.5265253331742774,0.0778076265259409,0.5193968274767515,4.776,1713944835.8657854,2024-04-24_17-47-15
1,0.005667238699276894,1.1102230246251565e-16,0.005667238699276894,0.0007802713915571052,0.0056132674112409076,0.0,1.1102230246251565e-16,0.0007802713915571052,0.0056132674112409076,0.0771345131623847,0.5265253331742773,0.07791478455394181,0.5209120657630364,0.0771345131623847,0.5265253331742774,0.07791478455394181,0.5209120657630364,4.8,1713944835.890638,2024-04-24_17-47-15
6,0.23487583313573757,0.23635386072293,0.23487583313573757,0.18162517562817557,0.14892599695567332,0.18105756161651732,0.15192533317427748,0.18162517562817557,0.14892599695567332,-0.1039230484541326,0.37459999999999993,0.07770212717404297,0.5235259969556733,0.0771345131623847,0.5265253331742774,0.07770212717404297,0.5235259969556733,4.826,1713944835.9157608,2024-04-24_17-47-15
6,0.23613305254382388,0.23470989949365756,0.23613305254382388,0.1809930050561711,0.1516586648510434,0.18149686218492747,0.14882078462818382,0.1809930050561711,0.1516586648510434,-0.1039230484541326,0.37459999999999993,0.07706995660203853,0.5262586648510433,0.07757381373079487,0.5234207846281838,0.07706995660203853,0.5262586648510433,4.85,1713944835.9406369,2024-04-24_17-47-15
6,0.23719665852382238,0.23408663357062784,0.23719665852382238,0.18037241590765368,0.15403910670509358,0.1810149020733995,0.14842559497535113,0.18037241590765368,0.15403910670509358,-0.1039230484541326,0.37459999999999993,0.07644936745352107,0.5286391067050935,0.0770918536192669,0.5230255949753511,0.07644936745352107,0.5286391067050935,4.876,1713944835.9662905,2024-04-24_17-47-15
6,0.2381424312347133,0.23310262209793817,0.2381424312347133,0.18023995811970367,0.15564502899671295,0.18025398404210885,0.14780167003752476,0.18023995811970367,0.15564502899671295,-0.1039230484541326,0.37459999999999993,0.07631690966557109,0.5302450289967129,0.07633093558797627,0.5224016700375247,0.07631690966557109,0.5302450289967129,4.9,1713944835.9905574,2024-04-24_17-47-15
6,0.23879494143601113,0.23159780471438984,0.23879494143601113,0.17972411586702777,0.15723315881595445,0.17909033634823418,0.1468475215153494,0.17972411586702777,0.15723315881595445,-0.1039230484541326,0.37459999999999993,0.07580106741289518,0.5318331588159544,0.0751672878941016,0.5214475215153493,0.07580106741289518,0.5318331588159544,4.926,1713944836.0161204,2024-04-24_17-47-16
6,0.2384727262504865,0.22980869284135638,0.2384727262504865,0.17840764016528582,0.15824018167328224,0.1777068489378016,0.14571311247121943,0.17840764016528582,0.15824018167328224,-0.1039230484541326,0.37459999999999993,0.07448459171115324,0.5328401816732822,0.07378380048366898,0.5203131124712194,0.07448459171115324,0.5328401816732822,4.95,1713944836.041524,2024-04-24_17-47-16
6,0.23781675489478885,0.2274442676232952,0.23781675489478885,0.1769197492104137,0.1589220288317903,0.17587848226526331,0.14421391871371014,0.1769197492104137,0.1589220288317903,-0.1039230484541326,0.37459999999999993,0.07299670075628112,0.5335220288317902,0.0719554338111307,0.5188139187137101,0.07299670075628112,0.5335220288317902,4.976,1713944836.0657582,2024-04-24_17-47-16
6,0.23727317345373844,0.22487614462975578,0.23727317345373844,0.17592865411292985,0.15920950820482094,0.17389259983747513,0.1425855678016067,0.17592865411292985,0.15920950820482094,-0.1039230484541326,0.37459999999999993,0.07200560565879724,0.5338095082048209,0.06996955138334253,0.5171855678016066,0.07200560565879724,0.5338095082048209,5.0,1713944836.0907326,2024-04-24_17-47-16
6,0.2367311271769087,0.22168659022108297,0.2367311271769087,0.1749352882707936,0.1594969325475072,0.17142617588948206,0.14056319042963816,0.1749352882707936,0.1594969325475072,-0.1039230484541326,0.37459999999999993,0.07101223981666101,0.5340969325475071,0.06750312743534947,0.5151631904296381,0.07101223981666101,0.5340969325475071,5.026,1713944836.1157677,2024-04-24_17-47-16
6,0.23634491290063536,0.2183769051231927,0.23634491290063536,0.17422435280811432,0.1597022001808448,0.1688668570819533,0.1384646426725865,0.17422435280811432,0.1597022001808448,-0.1039230484541326,0.37459999999999993,0.07030130435398174,0.5343022001808447,0.06494380862782069,0.5130646426725864,0.07030130435398174,0.5343022001808447,5.05,1713944836.1406329,2024-04-24_17-47-16
6,0.23626776770581787,0.21440873240943786,0.23626776770581787,0.17408202699797348,0.15974325003882683,0.16579834187357023,0.13594857250223946,0.17408202699797348,0.15974325003882683,-0.1039230484541326,0.37459999999999993,0.07015897854384089,0.5343432500388268,0.06187529341943762,0.5105485725022394,0.07015897854384089,0.5343432500388268,5.076,1713944836.1657596,2024-04-24_17-47-16
6,0.23626776770581787,0.2104057478686857,0.23626776770581787,0.17408202699797348,0.15974325003882683,0.16270290731759862,0.1334104294520554,0.17408202699797348,0.15974325003882683,-0.1039230484541326,0.37459999999999993,0.07015897854384089,0.5343432500388268,0.05877985886346604,0.5080104294520553,0.07015897854384089,0.5343432500388268,5.1,1713944836.1907744,2024-04-24_17-47-16
6,0.23634491290063536,0.20571682174356212,0.23634491290063536,0.17422435280811432,0.1597022001808448,0.15907704671025827,0.13043735645211008,0.17422435280811432,0.1597022001808448,-0.1039230484541326,0.37459999999999993,0.07030130435398174,0.5343022001808447,0.05515399825612567,0.50503735645211,0.07030130435398174,0.5343022001808447,5.126,1713944836.2157269,2024-04-24_17-47-16
6,0.23634491290063536,0.20107891028848854,0.23634491290063536,0.17422435280811432,0.1597022001808448,0.15549063481198155,0.12749662994986577,0.17422435280811432,0.1597022001808448,-0.1039230484541326,0.37459999999999993,0.07030130435398174,0.5343022001808447,0.051567586357848944,0.5020966299498657,0.07030130435398174,0.5343022001808447,5.15,1713944836.2406194,2024-04-24_17-47-16
6,0.2362812047459439,0.1957376058534425,0.2362812047459439,0.17426218351284606,0.15956659773752724,0.15136030201806594,0.12410990821943857,0.17426218351284606,0.15956659773752724,-0.1039230484541326,0.37459999999999993,0.07033913505871346,0.5341665977375272,0.04743725356393334,0.4987099082194385,0.07033913505871346,0.5341665977375272,5.176,1713944836.2655807,2024-04-24_17-47-16
6,0.23610806064828715,0.19053239867672944,0.23610806064828715,0.1741374657762078,0.1594464151874707,0.1473352107388572,0.12080948067947611,0.1741374657762078,0.1594464151874707,-0.1039230484541326,0.37459999999999993,0.07021441732207523,0.5340464151874706,0.043412162284724595,0.49540948067947604,0.07021441732207523,0.5340464151874706,5.2,1713944836.29075,2024-04-24_17-47-16
6,0.23483303748413797,0.1846166041779941,0.23483303748413797,0.17330284857330525,0.1584698020772557,0.1427606353112011,0.11705849624762998,0.17330284857330525,0.1584698020772557,-0.1039230484541326,0.37459999999999993,0.06937980011917264,0.5330698020772556,0.038837586857068486,0.4916584962476299,0.06937980011917264,0.5330698020772556,5.226,1713944836.316001,2024-04-24_17-47-16
6,0.23255424301109748,0.1789200049213839,0.23255424301109748,0.17174266038307134,0.1567990259759594,0.13835555954562742,0.11344649533539758,0.17174266038307134,0.1567990259759594,-0.1039230484541326,0.37459999999999993,0.06781961192893875,0.5313990259759593,0.03443251109149483,0.4880464953353975,0.06781961192893875,0.5313990259759593,5.25,1713944836.340796,2024-04-24_17-47-16
6,0.22878876741941911,0.1725159859639599,0.22878876741941911,0.1691068438893859,0.1541011857419271,0.13340344909501278,0.1093859460016301,0.1691068438893859,0.1541011857419271,-0.1039230484541326,0.37459999999999993,0.0651837954352533,0.528701185741927,0.0294804006408802,0.48398594600163003,0.0651837954352533,0.528701185741927,5.276,1713944836.365743,2024-04-24_17-47-16
6,0.22420055822563006,0.1664110638722383,0.22420055822563006,0.1662216242283051,0.1504535208879748,0.12868262476710302,0.10551504282394591,0.1662216242283051,0.1504535208879748,-0.1039230484541326,0.37459999999999993,0.06229857577417251,0.5250535208879747,0.024759576312970433,0.48011504282394585,0.06229857577417251,0.5250535208879747,5.3,1713944836.3906367,2024-04-24_17-47-16
6,0.2179181543548796,0.1596122054731196,0.2179181543548796,0.16211988199546049,0.14562096641354605,0.12342519221508141,0.10120414054110416,0.16211988199546049,0.14562096641354605,-0.1039230484541326,0.37459999999999993,0.05819683354132788,0.520220966413546,0.019502143760948824,0.4758041405411041,0.05819683354132788,0.520220966413546,5.326,1713944836.4157407,2024-04-24_17-47-16
6,0.21111956487780176,0.15318798405747128,0.21111956487780176,0.15773060346087317,0.14033006593763553,0.11845745957390709,0.09713078158281363,0.15773060346087317,0.14033006593763553,-0.1039230484541326,0.37459999999999993,0.05380755500674057,0.5149300659376355,0.014534411119774493,0.47173078158281356,0.05380755500674057,0.5149300659376355,5.35,1713944836.4405577,2024-04-24_17-47-16
6,0.20267776326323753,0.1460934288818129,0.20267776326323753,0.1522388887564794,0.13379684776399348,0.11297137012579404,0.09263238901348803,0.1522388887564794,0.13379684776399348,-0.1039230484541326,0.37459999999999993,0.04831584030234681,0.5083968477639934,0.009048321671661447,0.46723238901348796,0.04831584030234681,0.5083968477639934,5.376,1713944836.4656181,2024-04-24_17-47-16
6,0.1943685486093988,0.13944358775656468,0.19510101838901325,0.14693088414572697,0.1272416911734483,0.10782916989962311,0.0884159730206085,0.14737325542900226,0.12784964200453652,-0.1039230484541326,0.37459999999999993,0.04300783569159439,0.5018416911734482,0.003906121445490518,0.46301597302060843,0.04345020697486965,0.5024496420045365,5.4,1713944836.4908497,2024-04-24_17-47-16
6,0.18574362146435594,0.13215679039437475,0.18574362146435594,0.1416476452948849,0.12015255926158386,0.10219442309316974,0.0837956868579578,0.1416476452948849,0.12015255926158386,-0.1039230484541326,0.37459999999999993,0.037724596840752314,0.4947525592615838,-0.0017286253609628544,0.45839568685795773,0.037724596840752314,0.4947525592615838,5.426,1713944836.516074,2024-04-24_17-47-16
6,0.17682761937722377,0.12537829921727095,0.17682761937722377,0.13639872531740632,0.11253174977046726,0.0969527401405263,0.07949769867020745,0.13639872531740632,0.11253174977046726,-0.1039230484541326,0.37459999999999993,0.032475676863273725,0.4871317497704672,-0.006970308313606302,0.4540976986702074,0.032475676863273725,0.4871317497704672,5.45,1713944836.540625,2024-04-24_17-47-16
6,0.16798962035681417,0.11800551758252878,0.16798962035681417,0.13126613017154262,0.1048318444815991,0.09125150327251545,0.07482289309046136,0.13126613017154262,0.1048318444815991,-0.1039230484541326,0.37459999999999993,0.027343081717410032,0.47943184448159903,-0.012671545181617144,0.4494228930904613,0.027343081717410032,0.47943184448159903,5.476,1713944836.5656528,2024-04-24_17-47-16
6,0.16007348097317176,0.11119722201876434,0.16007348097317176,0.12693790644718653,0.09752070148267855,0.08598677313409109,0.07050600705384413,0.12693790644718653,0.09752070148267855,-0.1039230484541326,0.37459999999999993,0.02301485799305393,0.4721207014826785,-0.01793627532004151,0.44510600705384407,0.02301485799305393,0.4721207014826785,5.5,1713944836.5904613,2024-04-24_17-47-16
6,0.1518023000290805,0.10384596786976286,0.1518023000290805,0.12208399491708016,0.09021882552552607,0.08030218307612572,0.06584485124910078,0.12208399491708016,0.09021882552552607,-0.1039230484541326,0.37459999999999993,0.018160946462947566,0.464818825525526,-0.02362086537800688,0.4404448512491007,0.018160946462947566,0.464818825525526,5.526,1713944836.6155555,2024-04-24_17-47-16
6,0.1447190381542911,0.09710714819960391,0.1447190381542911,0.1174350170809518,0.08457314448156533,0.07509117737247852,0.06157201728281125,0.1174350170809518,0.08457314448156533,-0.1039230484541326,0.37459999999999993,0.013511968626819205,0.45917314448156527,-0.02883187108165408,0.4361720172828112,0.013511968626819205,0.45917314448156527,5.55,1713944836.6407003,2024-04-24_17-47-16
6,0.13687067909470094,0.0898846193754183,0.13687067909470094,0.11167236689593156,0.07913826677218205,0.06950612824818579,0.056992481400712613,0.11167236689593156,0.07913826677218205,-0.1039230484541326,0.37459999999999993,0.007749318441798962,0.453738266772182,-0.034416920205946805,0.43159248140071255,0.007749318441798962,0.453738266772182,5.576,1713944836.6656835,2024-04-24_17-47-16
6,0.12972644350107956,0.0833135427641562,0.1302856160107307,0.10571053712549472,0.07519463068649379,0.06442483517663784,0.05282600704556356,0.10619472427269612,0.0754786213171757,-0.1039230484541326,0.37459999999999993,0.001787488671362117,0.4497946306864937,-0.039498213277494754,0.4274260070455635,0.0022716758185635237,0.45007862131717563,5.6,1713944836.690575,2024-04-24_17-47-16
6,0.12218080669096944,0.07632505999876159,0.12218080669096944,0.0987360726009052,0.07196761418169162,0.05902076957868531,0.04839487103148732,0.0987360726009052,0.07196761418169162,-0.1039230484541326,0.37459999999999993,-0.005186975853227397,0.44656761418169155,-0.04490227887544729,0.42299487103148725,-0.005186975853227397,0.44656761418169155,5.626,1713944836.71568,2024-04-24_17-47-16
6,0.11514868845792504,0.0700175475401643,0.11514868845792504,0.09187316812784244,0.06941571458778967,0.05414328583429523,0.0443955128656599,0.09187316812784244,0.06941571458778967,-0.1039230484541326,0.37459999999999993,-0.012049880326290162,0.4440157145877896,-0.04977976261983737,0.41899551286565984,-0.012049880326290162,0.4440157145877896,5.65,1713944836.7407262,2024-04-24_17-47-16
6,0.10793606268077045,0.06336501864897286,0.10793606268077045,0.08476099756797909,0.06682639387478762,0.04899900720799702,0.04017739266074061,0.08476099756797909,0.06682639387478762,-0.1039230484541326,0.37459999999999993,-0.01916205088615352,0.44142639387478755,-0.05492404124613558,0.41477739266074054,-0.01916205088615352,0.44142639387478755,5.676,1713944836.7656088,2024-04-24_17-47-16
6,0.10148934630665832,0.05741304807796788,0.10148934630665832,0.07822602600455456,0.06465892258062744,0.04439645748689494,0.03640347033206287,0.07822602600455456,0.06465892258062744,-0.1039230484541326,0.37459999999999993,-0.025697022449578034,0.4392589225806274,-0.059526590967237655,0.4110034703320628,-0.025697022449578034,0.4392589225806274,5.7,1713944836.7905014,2024-04-24_17-47-16
6,0.09533896872139075,0.05119348191240353,0.09533896872139075,0.07192405557955796,0.0625815402962166,0.03958698099852903,0.03245987562726771,0.07192405557955796,0.0625815402962166,-0.1039230484541326,0.37459999999999993,-0.03199899287457464,0.43718154029621653,-0.06433606745560357,0.40705987562726764,-0.03199899287457464,0.43718154029621653,5.726,1713944836.8157403,2024-04-24_17-47-16
6,0.08951181454401833,0.04568384636258673,0.08951181454401833,0.06606632022270222,0.060395416011433334,0.03532648083968806,0.02896642142142486,0.06606632022270222,0.060395416011433334,-0.1039230484541326,0.37459999999999993,-0.03785672823143038,0.43499541601143327,-0.06859656761444453,0.4035664214214248,-0.03785672823143038,0.43499541601143327,5.75,1713944836.840472,2024-04-24_17-47-16
6,0.08331022590306239,0.03998793820258675,0.08331022590306239,0.060441640041761,0.05733586913164812,0.03092193948645275,0.02535485870775167,0.060441640041761,0.05733586913164812,-0.1039230484541326,0.37459999999999993,-0.043481408412371594,0.43193586913164805,-0.07300110896767985,0.3999548587077516,-0.043481408412371594,0.43193586913164805,5.776,1713944836.865588,2024-04-24_17-47-16
6,0.0779974841426349,0.03500098056689311,0.0779974841426349,0.05571888875490552,0.0545803349980471,0.027065616575999568,0.02219281505363857,0.05571888875490552,0.0545803349980471,-0.1039230484541326,0.37459999999999993,-0.048204159699227075,0.42918033499804703,-0.07685743187813303,0.3967928150536385,-0.048204159699227075,0.42918033499804703,5.8,1713944836.8903894,2024-04-24_17-47-16
6,0.07219872257038393,0.02991178957949849,0.07219872257038393,0.05130754198761345,0.05079558717038862,0.023130238488988347,0.018965949047983766,0.05130754198761345,0.05079558717038862,-0.1039230484541326,0.37459999999999993,-0.05261550646651915,0.42539558717038856,-0.08079280996514425,0.3935659490479837,-0.05261550646651915,0.42539558717038856,5.826,1713944836.9155293,2024-04-24_17-47-16
6,0.06729745120277117,0.02552023092990705,0.06729745120277117,0.04804999125846989,0.047118417614032126,0.01973432669864028,0.016181425662379623,0.04804999125846989,0.047118417614032126,-0.1039230484541326,0.37459999999999993,-0.055873057195662705,0.42171841761403206,-0.08418872175549232,0.39078142566237956,-0.055873057195662705,0.42171841761403206,5.85,1713944836.9404807,2024-04-24_17-47-16
6,0.062389450570883576,0.021111968979574087,0.062389450570883576,0.04477668441162003,0.043445276793213194,0.016325498552061557,0.013386311337375001,0.04477668441162003,0.043445276793213194,-0.1039230484541326,0.37459999999999993,-0.05914636404251257,0.4180452767932131,-0.08759754990207104,0.38798631133737493,-0.05914636404251257,0.4180452767932131,5.876,1713944836.9656267,2024-04-24_17-47-16
6,0.0584271869290845,0.01737984813012477,0.0584271869290845,0.042075741720984224,0.0405384771676886,0.013439517922649274,0.011019912841442547,0.042075741720984224,0.0405384771676886,-0.1039230484541326,0.37459999999999993,-0.06184730673314837,0.41513847716768854,-0.09048353053148332,0.3856199128414425,-0.06184730673314837,0.41513847716768854,5.9,1713944836.9906669,2024-04-24_17-47-16
6,0.05472618731084318,0.013716797602630657,0.05472618731084318,0.03877685274732519,0.03861749951244581,0.010606948106892583,0.008697309257995944,0.03877685274732519,0.03861749951244581,-0.1039230484541326,0.37459999999999993,-0.06514619570680741,0.41321749951244574,-0.09331610034724001,0.3832973092579959,-0.06514619570680741,0.41321749951244574,5.926,1713944837.015554,2024-04-24_17-47-17
6,0.051619491470793845,0.010698537279312758,0.051619491470793845,0.03581192560041131,0.037176308107368106,0.008272982734655404,0.006783543070471243,0.03581192560041131,0.037176308107368106,-0.1039230484541326,0.37459999999999993,-0.06811112285372128,0.41177630810736804,-0.09565006571947719,0.3813835430704712,-0.06811112285372128,0.41177630810736804,5.95,1713944837.0403154,2024-04-24_17-47-17
6,0.048770321834442784,0.007834113699819803,0.048770321834442784,0.03290892423822962,0.03599370774618238,0.006057976496026185,0.004967319018877148,0.03290892423822962,0.03599370774618238,-0.1039230484541326,0.37459999999999993,-0.07101412421590297,0.4105937077461823,-0.09786507195810641,0.3795673190188771,-0.07101412421590297,0.4105937077461823,5.976,1713944837.0654762,2024-04-24_17-47-17
6,0.046846053006235226,0.005573726934677507,0.046846053006235226,0.03086684171611756,0.035239051700281965,0.004310060851723557,0.0035340921602003417,0.03086684171611756,0.035239051700281965,-0.1039230484541326,0.37459999999999993,-0.07305620673801504,0.4098390517002819,-0.09961298760240904,0.3781340921602003,-0.07305620673801504,0.4098390517002819,6.0,1713944837.090583,2024-04-24_17-47-17
6,0.045014022152235336,0.003549700049094964,0.045014022152235336,0.02898372540988929,0.034441339284151995,0.0027449179689407743,0.0022507322769114158,0.02898372540988929,0.034441339284151995,-0.1039230484541326,0.37459999999999993,-0.0749393230442433,0.40904133928415193,-0.10117813048519182,0.37685073227691135,-0.0749393230442433,0.40904133928415193,6.026,1713944837.1160507,2024-04-24_17-47-17
6,0.043615485204616555,0.002080148371111844,0.043615485204616555,0.027621147122347603,0.033754744574352125,0.0016085405986298873,0.0013189444220279567,0.027621147122347603,0.033754744574352125,-0.1039230484541326,0.37459999999999993,-0.076301901331785,0.40835474457435206,-0.10231450785550271,0.3759189444220279,-0.076301901331785,0.40835474457435206,6.05,1713944837.1404562,2024-04-24_17-47-17
6,0.0418044045456704,0.0009260330491430974,0.0418044045456704,0.026276887989378953,0.0325135878827868,0.0007160843793193039,0.000587162984017342,0.026276887989378953,0.0325135878827868,-0.1039230484541326,0.37459999999999993,-0.07764616046475364,0.40711358788278673,-0.10320696407481329,0.3751871629840173,-0.07764616046475364,0.40711358788278673,6.076,1713944837.1665115,2024-04-24_17-47-17
6,0.03940697756695892,0.0002687458309262491,0.03940697756695892,0.025052716689483764,0.03041827193381086,0.00020781622395826815,0.00017040169805482286,0.025052716689483764,0.03041827193381086,-0.1039230484541326,0.37459999999999993,-0.07887033176464883,0.4050182719338108,-0.10371523223017433,0.37477040169805476,-0.07887033176464883,0.4050182719338108,6.1,1713944837.190514,2024-04-24_17-47-17
6,0.03639220227910381,1.3716728070068276e-06,0.03639220227910381,0.023813423422559724,0.027519325057513533,1.0606894338405226e-06,8.69726517027658e-07,0.023813423422559724,0.027519325057513533,-0.1039230484541326,0.37459999999999993,-0.08010962503157287,0.40211932505751347,-0.10392198776469876,0.37460086972651696,-0.08010962503157287,0.40211932505751347,6.126,1713944837.2155836,2024-04-24_17-47-17
6,0.033181758209574086,0.0,0.033181758209574086,0.022522534247508955,0.024367283987929866,0.0,0.0,0.022522534247508955,0.024367283987929866,-0.1039230484541326,0.37459999999999993,-0.08140051420662364,0.3989672839879298,-0.1039230484541326,0.37459999999999993,-0.08140051420662364,0.3989672839879298,6.15,1713944837.2403278,2024-04-24_17-47-17
6,0.029940332294134887,0.0,0.029940332294134887,0.021080146862817964,0.021261488803121065,0.0,0.0,0.021080146862817964,0.021261488803121065,-0.1039230484541326,0.37459999999999993,-0.08284290159131463,0.395861488803121,-0.1039230484541326,0.37459999999999993,-0.08284290159131463,0.395861488803121,6.176,1713944837.2655919,2024-04-24_17-47-17
6,0.026345477546612584,0.0,0.026345477546612584,0.019247513308268863,0.0179893696000466,0.0,0.0,0.019247513308268863,0.0179893696000466,-0.1039230484541326,0.37459999999999993,-0.08467553514586373,0.39258936960004653,-0.1039230484541326,0.37459999999999993,-0.08467553514586373,0.39258936960004653,6.2,1713944837.2905102,2024-04-24_17-47-17
6,0.022901915341632027,0.0,0.022901915341632027,0.017299290001686618,0.015007741060960034,0.0,0.0,0.017299290001686618,0.015007741060960034,-0.1039230484541326,0.37459999999999993,-0.08662375845244598,0.38960774106095997,-0.1039230484541326,0.37459999999999993,-0.08662375845244598,0.38960774106095997,6.226,1713944837.3156242,2024-04-24_17-47-17
6,0.019947908436569475,0.0,0.019947908436569475,0.015225799090154354,0.012887749728327846,0.0,0.0,0.015225799090154354,0.012887749728327846,-0.1039230484541326,0.37459999999999993,-0.08869724936397824,0.3874877497283278,-0.1039230484541326,0.37459999999999993,-0.08869724936397824,0.3874877497283278,6.25,1713944837.3405461,2024-04-24_17-47-17
6,0.01695260885411154,0.0,0.01695260885411154,0.012930327232237193,0.010963465903981562,0.0,0.0,0.012930327232237193,0.010963465903981562,-0.1039230484541326,0.37459999999999993,-0.0909927212218954,0.3855634659039815,-0.1039230484541326,0.37459999999999993,-0.0909927212218954,0.3855634659039815,6.276,1713944837.3654585,2024-04-24_17-47-17
6,0.013939794943726859,0.0,0.013939794943726859,0.010723156121565158,0.008906840397452542,0.0,0.0,0.010723156121565158,0.008906840397452542,-0.1039230484541326,0.37459999999999993,-0.09319989233256744,0.3835068403974525,-0.1039230484541326,0.37459999999999993,-0.09319989233256744,0.3835068403974525,6.3,1713944837.3904133,2024-04-24_17-47-17
6,0.010615162879751835,0.0,0.010615162879751835,0.008281466253263356,0.006640707767980869,0.0,0.0,0.008281466253263356,0.006640707767980869,-0.1039230484541326,0.37459999999999993,-0.09564158220086924,0.3812407077679808,-0.1039230484541326,0.37459999999999993,-0.09564158220086924,0.3812407077679808,6.326,1713944837.4156022,2024-04-24_17-47-17
6,0.007297552703957129,0.0,0.007297552703957129,0.0060920837803399575,0.004017560289572619,0.0,0.0,0.0060920837803399575,0.004017560289572619,-0.1039230484541326,0.37459999999999993,-0.09783096467379264,0.37861756028957255,-0.1039230484541326,0.37459999999999993,-0.09783096467379264,0.37861756028957255,6.35,1713944837.4406655,2024-04-24_17-47-17
2,0.23252504684108488,0.23635386072292994,0.23252504684108488,0.2182310652888636,0.08026892020786419,0.22209997881559757,0.08083778132003172,0.2182310652888636,0.08026892020786419,0.11817693036146495,0.45543778132003165,-0.10005413492739865,0.37516886111216746,-0.1039230484541326,0.37459999999999993,-0.10005413492739865,0.37516886111216746,6.376,1713944837.4656289,2024-04-24_17-47-17
2,0.23509003695028874,0.23236077396812874,0.23509003695028874,0.2197623132355796,0.0834976116702455,0.21807689074057168,0.08021221231204495,0.2197623132355796,0.0834976116702455,0.11817693036146495,0.45543778132003165,-0.10158538287411464,0.37194016964978616,-0.09989996037910674,0.3752255690079867,-0.10158538287411464,0.37194016964978616,6.4,1713944837.490726,2024-04-24_17-47-17
2,0.23736334496149014,0.23174374608572765,0.23736334496149014,0.22097898329876925,0.08665821641108029,0.21749779333184674,0.07999921090625517,0.22097898329876925,0.08665821641108029,0.11817693036146495,0.45543778132003165,-0.10280205293730428,0.36877956490895136,-0.09932086297038178,0.3754385704137765,-0.10280205293730428,0.36877956490895136,6.426,1713944837.5162992,2024-04-24_17-47-17
2,0.23878557627913893,0.23076958322391,0.23878557627913893,0.22168307815247834,0.08874212246618096,0.21658351505521614,0.07966292454877666,0.22168307815247834,0.08874212246618096,0.11817693036146495,0.45543778132003165,-0.1035061477910134,0.3666956588538507,-0.09840658469375119,0.375774856771255,-0.1035061477910134,0.3666956588538507,6.45,1713944837.5405467,2024-04-24_17-47-17
2,0.23963551725425133,0.22927982700708105,0.23963551725425133,0.2220489042749883,0.09010807533173526,0.21518533842591958,0.07914865254013781,0.2220489042749883,0.09010807533173526,0.11817693036146495,0.45543778132003165,-0.10387197391352336,0.3653297059882964,-0.09700840806445461,0.37628912877989384,-0.10387197391352336,0.3653297059882964,6.476,1713944837.5655801,2024-04-24_17-47-17
2,0.24033696122210207,0.22750862170031516,0.24033696122210207,0.2226580852105074,0.09047227210512965,0.21352301418949027,0.07853722276355246,0.2226580852105074,0.09047227210512965,0.11817693036146495,0.45543778132003165,-0.10448115484904245,0.364965509214902,-0.09534608382802531,0.3769005585564792,-0.10448115484904245,0.364965509214902,6.5,1713944837.5903838,2024-04-24_17-47-17
2,0.24074890904425228,0.22516786114933857,0.24074890904425228,0.22310057689409335,0.09047745462556067,0.21132614690329682,0.07772917939599017,0.22310057689409335,0.09047745462556067,0.11817693036146495,0.45543778132003165,-0.10492364653262838,0.364960326694471,-0.09314921654183186,0.3777086019240415,-0.10492364653262838,0.364960326694471,6.526,1713944837.6154988,2024-04-24_17-47-17
2,0.24113455169644846,0.22262544155940425,0.24113455169644846,0.223519921773147,0.09046942352183651,0.20894001713766416,0.07685152222326064,0.223519921773147,0.09046942352183651,0.11817693036146495,0.45543778132003165,-0.10534299141168206,0.36496835779819514,-0.09076308677619921,0.378586259096771,-0.10534299141168206,0.36496835779819514,6.55,1713944837.6406357,2024-04-24_17-47-17
2,0.24166931361292196,0.2194678102340469,0.24166931361292196,0.22405688790694142,0.09056803036169614,0.20597649446652083,0.07576149058862908,0.22405688790694142,0.09056803036169614,0.11817693036146495,0.45543778132003165,-0.10587995754547647,0.3648697509583355,-0.08779956410505588,0.3796762907314026,-0.10587995754547647,0.3648697509583355,6.576,1713944837.665625,2024-04-24_17-47-17
2,0.2421868856616831,0.21619125056359564,0.2421868856616831,0.22463902418577308,0.09050854323967883,0.20290135431676404,0.07463040423764555,0.22463902418577308,0.09050854323967883,0.11817693036146495,0.45543778132003165,-0.10646209382430814,0.3649292380803528,-0.08472442395529908,0.3808073770823861,-0.10646209382430814,0.3649292380803528,6.6,1713944837.6903303,2024-04-24_17-47-17
2,0.24295890729455366,0.2122627938389478,0.24295890729455366,0.2254780657982292,0.09049128398720474,0.19921439109448796,0.07327427945171522,0.2254780657982292,0.09049128398720474,0.11817693036146495,0.45543778132003165,-0.10730113543676424,0.3649464973328269,-0.081037460733023,0.38216350186831644,-0.10730113543676424,0.3649464973328269,6.626,1713944837.7154927,2024-04-24_17-47-17
2,0.2440290184065465,0.20829987370614464,0.2440290184065465,0.22655280064920089,0.09068621914307629,0.19549508302860302,0.07190625770845971,0.22655280064920089,0.09068621914307629,0.11817693036146495,0.45543778132003165,-0.10837587028773593,0.36475156217695537,-0.07731815266713808,0.38353152361157195,-0.10837587028773593,0.36475156217695537,6.65,1713944837.7405818,2024-04-24_17-47-17
2,0.24523159406059583,0.20365787732736582,0.24523159406059583,0.22779097717833335,0.09082843960809228,0.19113844348129314,0.07030381512433653,0.22779097717833335,0.09082843960809228,0.11817693036146495,0.45543778132003165,-0.1096140468168684,0.36460934171193937,-0.07296151311982818,0.3851339661956951,-0.1096140468168684,0.36460934171193937,6.676,1713944837.765507,2024-04-24_17-47-17
2,0.24615331652824862,0.199066385031466,0.24615331652824862,0.22874864438431014,0.09091486638716778,0.1868292033860331,0.06871880682634235,0.22874864438431014,0.09091486638716778,0.11817693036146495,0.45543778132003165,-0.11057171402284519,0.3645229149328639,-0.06865227302456813,0.3867189744936893,-0.11057171402284519,0.3645229149328639,6.7,1713944837.7905762,2024-04-24_17-47-17
2,0.24628590366959702,0.19377853975862427,0.24628590366959702,0.22891184372494422,0.09086316167070535,0.18186641712858706,0.06689341366528923,0.22891184372494422,0.09086316167070535,0.11817693036146495,0.45543778132003165,-0.11073491336347926,0.3645746196493263,-0.0636894867671221,0.38854436765474243,-0.11073491336347926,0.3645746196493263,6.726,1713944837.8154576,2024-04-24_17-47-17
2,0.24628590366959702,0.1886254295964422,0.24628590366959702,0.22891184372494422,0.09086316167070535,0.17703008342810433,0.06511453180266902,0.22891184372494422,0.09086316167070535,0.11817693036146495,0.45543778132003165,-0.11073491336347926,0.3645746196493263,-0.05885315306663938,0.39032324951736264,-0.11073491336347926,0.3645746196493263,6.75,1713944837.8405707,2024-04-24_17-47-17
2,0.24628590366959702,0.18276884412080618,0.24628590366959702,0.22891184372494422,0.09086316167070535,0.1715335190593771,0.06309280640740161,0.22891184372494422,0.09086316167070535,0.11817693036146495,0.45543778132003165,-0.11073491336347926,0.3645746196493263,-0.05335658869791216,0.39234497491263004,-0.11073491336347926,0.3645746196493263,6.776,1713944837.86547,2024-04-24_17-47-17
2,0.24628590366959702,0.17712926004230006,0.24628590366959702,0.22891184372494422,0.09086316167070535,0.16624061638949988,0.06114599108340546,0.22891184372494422,0.09086316167070535,0.11817693036146495,0.45543778132003165,-0.11073491336347926,0.3645746196493263,-0.048063686028034916,0.3942917902366262,-0.11073491336347926,0.3645746196493263,6.8,1713944837.8905294,2024-04-24_17-47-17
2,0.2462698275471399,0.17078933656798648,0.2462698275471399,0.22895708058205325,0.09070547509076399,0.16029042619517256,0.05895741476271582,0.22895708058205325,0.09070547509076399,0.11817693036146495,0.45543778132003165,-0.11078015022058829,0.36473230622926767,-0.04211349583370761,0.39648036655731583,-0.11078015022058829,0.36473230622926767,6.826,1713944837.9154305,2024-04-24_17-47-17
2,0.245846614238909,0.1647455164082582,0.245846614238909,0.2287422518971076,0.09009739135943451,0.15461813699540639,0.056871054928613884,0.2287422518971076,0.09009739135943451,0.11817693036146495,0.45543778132003165,-0.11056532153564264,0.36534038996059714,-0.036441206633941445,0.39856672639141777,-0.11056532153564264,0.36534038996059714,6.85,1713944837.9403725,2024-04-24_17-47-17
2,0.24461375268750007,0.15801470529578698,0.24461375268750007,0.22789113355459065,0.08889049021726214,0.14830108814717374,0.05454754205350243,0.22789113355459065,0.08889049021726214,0.11817693036146495,0.45543778132003165,-0.10971420319312569,0.3665472911027695,-0.030124157785708774,0.4008902392665292,-0.10971420319312569,0.3665472911027695,6.876,1713944837.9655883,2024-04-24_17-47-17
2,0.24301813447290585,0.15165478156226322,0.24301813447290585,0.22668383947988985,0.08759138428719393,0.14233212716693416,0.05235206153374916,0.22668383947988985,0.08759138428719393,0.11817693036146495,0.45543778132003165,-0.10850690911842488,0.3678463970328377,-0.024155196805469223,0.4030857197862825,-0.10850690911842488,0.3678463970328377,6.9,1713944837.9904516,2024-04-24_17-47-17
2,0.2410194939872345,0.14463123319412077,0.2410194939872345,0.22509974360974833,0.08614233517085623,0.13574033646175854,0.04992749415403025,0.22509974360974833,0.08614233517085623,0.11817693036146495,0.45543778132003165,-0.10692281324828339,0.3692954461491754,-0.01756340610029357,0.4055102871660014,-0.10692281324828339,0.3692954461491754,6.926,1713944838.0155027,2024-04-24_17-47-18
2,0.23853627374090744,0.13804794789613728,0.23853627374090744,0.22302404494448488,0.08461577433787104,0.129561744593067,0.047654907998395224,0.22302404494448488,0.08461577433787104,0.11817693036146495,0.45543778132003165,-0.10484711458301993,0.3708220069821606,-0.011384814231602036,0.40778287332163643,-0.10484711458301993,0.3708220069821606,6.95,1713944838.0403237,2024-04-24_17-47-18
2,0.23541889968480387,0.13083408142318467,0.23541889968480387,0.22022582582976266,0.08320242764729158,0.12279133518284983,0.045164641766115454,0.22022582582976266,0.08320242764729158,0.11817693036146495,0.45543778132003165,-0.1020488954682977,0.3722353536727401,-0.004614404821384879,0.4102731395539162,-0.1020488954682977,0.3722353536727401,6.976,1713944838.0655606,2024-04-24_17-47-18
2,0.23219292442510386,0.12412343368465359,0.23219292442510386,0.21717718836080663,0.08214391644410873,0.1164932102081291,0.0428480893981662,0.21717718836080663,0.08214391644410873,0.11817693036146495,0.45543778132003165,-0.09900025799934169,0.3732938648759229,0.0016837201533358576,0.41258969192186545,-0.09900025799934169,0.3732938648759229,7.0,1713944838.0904305,2024-04-24_17-47-18
2,0.22841509731816678,0.11682444352427906,0.22841509731816678,0.21352645956931712,0.08111663051841084,0.10964290990770564,0.0403284380025834,0.21352645956931712,0.08111663051841084,0.11817693036146495,0.45543778132003165,-0.09534952920785217,0.3743211508016208,0.008534020453759311,0.41510934331744825,-0.09534952920785217,0.3743211508016208,7.026,1713944838.1155236,2024-04-24_17-47-18
2,0.2248920535236387,0.11008428970029074,0.2248920535236387,0.20996413385598456,0.08056983450513827,0.10331709267122942,0.038001699972266156,0.20996413385598456,0.08056983450513827,0.11817693036146495,0.45543778132003165,-0.09178720349451959,0.3748679468148934,0.014859837690235536,0.4174360813477655,-0.09178720349451959,0.3748679468148934,7.05,1713944838.140357,2024-04-24_17-47-18
2,0.22024552284608495,0.10280661156492708,0.22024552284608495,0.20523567861813913,0.07991499581365968,0.09648679428451272,0.03548940560448882,0.20523567861813913,0.07991499581365968,0.11817693036146495,0.45543778132003165,-0.08705874825667417,0.37552278550637197,0.021690136076952235,0.41994837571554283,-0.08705874825667417,0.37552278550637197,7.076,1713944838.1653767,2024-04-24_17-47-18
2,0.21551708463985791,0.09613523827573997,0.21551708463985791,0.20051081262603554,0.07901283308242113,0.09022552944608875,0.033186410991643434,0.20051081262603554,0.07901283308242113,0.11817693036146495,0.45543778132003165,-0.08233388226457058,0.3764249482376105,0.027951400915376207,0.4222513703283882,-0.08233388226457058,0.3764249482376105,7.1,1713944838.1904404,2024-04-24_17-47-18
2,0.20965164014379478,0.08898499710050468,0.20965164014379478,0.19479834564639792,0.07750751414159601,0.08351483410404964,0.030718108560747914,0.19479834564639792,0.07750751414159601,0.11817693036146495,0.45543778132003165,-0.07662141528493298,0.37793026717843564,0.034662096257415315,0.42471967275928374,-0.07662141528493298,0.37793026717843564,7.126,1713944838.215464,2024-04-24_17-47-18
2,0.20422921622112591,0.08247968799129947,0.20422921622112591,0.18983635632340798,0.07531089281204595,0.07740942500416267,0.02847244021272194,0.18983635632340798,0.07531089281204595,0.11817693036146495,0.45543778132003165,-0.07165942596194302,0.3801268885079857,0.04076750535730228,0.4269653411073097,-0.07165942596194302,0.3801268885079857,7.15,1713944838.2406018,2024-04-24_17-47-18
2,0.19729259469559549,0.07556115039346836,0.19729259469559549,0.18359027601901776,0.0722424976934033,0.07091618975605793,0.02608412312628372,0.18359027601901776,0.0722424976934033,0.11817693036146495,0.45543778132003165,-0.0654133456575528,0.38319528362662836,0.047260740605407026,0.42935365819374793,-0.0654133456575528,0.38319528362662836,7.176,1713944838.2653546,2024-04-24_17-47-18
2,0.19048576096435274,0.06931676751973755,0.19048576096435274,0.17773283154418973,0.06852638704508801,0.06505566700756824,0.023928527944395983,0.17773283154418973,0.06852638704508801,0.11817693036146495,0.45543778132003165,-0.05955590118272477,0.38691139427494364,0.05312126335389672,0.43150925337563567,-0.05955590118272477,0.38691139427494364,7.2,1713944838.2903404,2024-04-24_17-47-18
2,0.18325349714365335,0.06273082135667697,0.18325349714365335,0.17170272146334103,0.06403139587312845,0.05887457784480771,0.02165502324355706,0.17170272146334103,0.06403139587312845,0.11817693036146495,0.45543778132003165,-0.053525791101876094,0.3914063854469032,0.05930235251665725,0.4337827580764746,-0.053525791101876094,0.3914063854469032,7.226,1713944838.3158147,2024-04-24_17-47-18
2,0.17685274345847687,0.05683842188184525,0.17685274345847687,0.1664684013448248,0.05970899616044606,0.05334440106613622,0.019620934659537237,0.1664684013448248,0.05970899616044606,0.11817693036146495,0.45543778132003165,-0.04829147098335984,0.3957287851595856,0.06483252929532873,0.4358168466604944,-0.04829147098335984,0.3957287851595856,7.25,1713944838.3403587,2024-04-24_17-47-18
2,0.1699313287942426,0.050681105078871753,0.1699313287942426,0.1605997136755878,0.055537271026727564,0.047565592187313516,0.01749539516232257,0.1605997136755878,0.055537271026727564,0.11817693036146495,0.45543778132003165,-0.04242278331412286,0.3999005102933041,0.07061133817415144,0.4379423861577091,-0.04242278331412286,0.3999005102933041,7.276,1713944838.3655362,2024-04-24_17-47-18
2,0.16328922258324205,0.045226613455810305,0.16328922258324205,0.15479137172506835,0.051990397683719214,0.042446403808766936,0.015612474768094187,0.15479137172506835,0.051990397683719214,0.11817693036146495,0.45543778132003165,-0.036614441363603395,0.40344738363631244,0.07573052655269802,0.43982530655193747,-0.036614441363603395,0.40344738363631244,7.3,1713944838.3903801,2024-04-24_17-47-18
2,0.156150707663397,0.039587713556981194,0.156150707663397,0.14834436639396895,0.04875440967698791,0.037154143260079625,0.013665895626671254,0.14834436639396895,0.04875440967698791,0.11817693036146495,0.45543778132003165,-0.03016743603250399,0.40668337164304375,0.08102278710138533,0.4417718856933604,-0.03016743603250399,0.40668337164304375,7.326,1713944838.4153447,2024-04-24_17-47-18
2,0.14958428273087354,0.03465066855599968,0.14958428273087354,0.1423560007685726,0.0459372037164657,0.03252059257562542,0.011961600641549663,0.1423560007685726,0.0459372037164657,0.11817693036146495,0.45543778132003165,-0.024179070407107657,0.40950057760356595,0.08565633778583953,0.443476180678482,-0.024179070407107657,0.40950057760356595,7.35,1713944838.440304,2024-04-24_17-47-18
2,0.1425330321588633,0.02961241341953664,0.1425330321588633,0.13584299841113007,0.0431548958876426,0.02779205343300628,0.010222367363114937,0.13584299841113007,0.0431548958876426,0.11817693036146495,0.45543778132003165,-0.017666068049665105,0.41228288543238906,0.09038487692845867,0.4452154139569167,-0.017666068049665105,0.41228288543238906,7.376,1713944838.4653742,2024-04-24_17-47-18
2,0.13613967245755518,0.02526480827400646,0.13613967245755518,0.12990509231456238,0.04072686346375609,0.023711708045471208,0.008721550245721299,0.12990509231456238,0.04072686346375609,0.11817693036146495,0.45543778132003165,-0.011728161953097428,0.41471091785627556,0.09446522231599375,0.44671623107431035,-0.011728161953097428,0.41471091785627556,7.4,1713944838.490299,2024-04-24_17-47-18
2,0.12962363666524332,0.020900667004961654,0.12962363666524332,0.1236923179319401,0.038762064792098705,0.019615843057362498,0.0072150247678865465,0.1236923179319401,0.038762064792098705,0.11817693036146495,0.45543778132003165,-0.005515387570475155,0.41667571652793295,0.09856108730410246,0.4482227565521451,-0.005515387570475155,0.41667571652793295,7.426,1713944838.515722,2024-04-24_17-47-18
2,0.12377876732051468,0.017205899587858897,0.12377876732051468,0.11806905009500264,0.037160229399855305,0.016148203590634513,0.0059395708113382795,0.11806905009500264,0.037160229399855305,0.11817693036146495,0.45543778132003165,0.00010788026646231649,0.41827755192017635,0.10202872677083044,0.4494982105086934,0.00010788026646231649,0.41827755192017635,7.45,1713944838.5401587,2024-04-24_17-47-18
2,0.11769944050744624,0.01357951119312528,0.11769944050744624,0.11208095725748021,0.03593072941108727,0.012744739691647522,0.004687721667970379,0.11208095725748021,0.03593072941108727,0.11817693036146495,0.45543778132003165,0.006095973103984735,0.4195070519089444,0.10543219066981743,0.4507500596520613,0.006095973103984735,0.4195070519089444,7.476,1713944838.5655007,2024-04-24_17-47-18
2,0.11252957614483763,0.010591459533282954,0.11252957614483763,0.10709640069539353,0.0345436892272456,0.009940372137595577,0.003656229863026106,0.10709640069539353,0.0345436892272456,0.11817693036146495,0.45543778132003165,0.011080529666071426,0.42089409209278605,0.10823655822386938,0.45178155145700555,0.011080529666071426,0.42089409209278605,7.5,1713944838.5904684,2024-04-24_17-47-18
2,0.10684184295915979,0.007755704921571236,0.10684184295915979,0.10156633507795476,0.03315809080363913,0.007278939495310832,0.002677311833554019,0.10156633507795476,0.03315809080363913,0.11817693036146495,0.45543778132003165,0.01661059528351019,0.4222796905163925,0.11089799086615412,0.45276046948647763,0.01661059528351019,0.4222796905163925,7.526,1713944838.6153266,2024-04-24_17-47-18
2,0.10082090624348698,0.005517941540696151,0.10082090624348698,0.0959561014201407,0.0309399698772585,0.005178737847758713,0.0019048236534471297,0.0959561014201407,0.0309399698772585,0.11817693036146495,0.45543778132003165,0.022220828941324253,0.42449781144277315,0.11299819251370624,0.4535329576665845,0.022220828941324253,0.42449781144277315,7.55,1713944838.640323,2024-04-24_17-47-18
2,0.0935445230720719,0.003514172399808393,0.0935445230720719,0.08930047793669221,0.027856820297006923,0.003298146143125097,0.0012131115670721004,0.08930047793669221,0.027856820297006923,0.11817693036146495,0.45543778132003165,0.02887645242477275,0.42758096102302473,0.11487878421833986,0.45422466975295955,0.02887645242477275,0.42758096102302473,7.576,1713944838.6654208,2024-04-24_17-47-18
2,0.08655008663323265,0.00205932892699806,0.08655008663323265,0.08282763532027859,0.02510976550011995,0.0019327360713364272,0.0007108916289604306,0.08282763532027859,0.02510976550011995,0.11817693036146495,0.45543778132003165,0.03534929504118637,0.4303280158199117,0.11624419429012853,0.4547268896910712,0.03534929504118637,0.4303280158199117,7.6,1713944838.6905212,2024-04-24_17-47-18
2,0.07837693751144663,0.0009167647231035098,0.07837693751144663,0.0751576062288333,0.022232376382763208,0.0008604085661312044,0.0003164722055016833,0.0751576062288333,0.022232376382763208,0.11817693036146495,0.45543778132003165,0.04301932413263166,0.43320540493726845,0.11731652179533375,0.45512130911452997,0.04301932413263166,0.43320540493726845,7.626,1713944838.7154706,2024-04-24_17-47-18
2,0.07073502898582626,0.0002660560522136213,0.07073502898582626,0.06800447025620183,0.01946371883271647,0.00024970082358830026,9.184400698369899e-05,0.06800447025620183,0.01946371883271647,0.11817693036146495,0.45543778132003165,0.05017246010526312,0.4359740624873152,0.11792722953787665,0.45534593731304795,0.05017246010526312,0.4359740624873152,7.65,1713944838.7403538,2024-04-24_17-47-18
2,0.06331437995252737,1.357944235636489e-06,0.06331437995252737,0.06118655104000842,0.016276261259928315,1.274467508638466e-06,4.687697905403354e-07,0.06118655104000842,0.016276261259928315,0.11817693036146495,0.45543778132003165,0.056990379321456536,0.43916152006010334,0.11817565589395632,0.4554373125502411,0.056990379321456536,0.43916152006010334,7.676,1713944838.7658255,2024-04-24_17-47-18
2,0.05734890836419062,0.0,0.05734890836419062,0.055800057628400644,0.013238234747559807,0.0,0.0,0.055800057628400644,0.013238234747559807,0.11817693036146495,0.45543778132003165,0.06237687273306431,0.44219954657247185,0.11817693036146495,0.45543778132003165,0.06237687273306431,0.44219954657247185,7.7,1713944838.790401,2024-04-24_17-47-18
2,0.05181388552887684,0.0,0.05181388552887684,0.05079789182943073,0.01021043188533216,0.0,0.0,0.05079789182943073,0.01021043188533216,0.11817693036146495,0.45543778132003165,0.06737903853203422,0.4452273494346995,0.11817693036146495,0.45543778132003165,0.06737903853203422,0.4452273494346995,7.726,1713944838.815492,2024-04-24_17-47-18
2,0.047152331551932915,0.0,0.047152331551932915,0.04646666510103381,0.008011953892264667,0.0,0.0,0.04646666510103381,0.008011953892264667,0.11817693036146495,0.45543778132003165,0.07171026526043114,0.447425827427767,0.11817693036146495,0.45543778132003165,0.07171026526043114,0.447425827427767,7.75,1713944838.8401055,2024-04-24_17-47-18
2,0.04252059771787551,0.0,0.04252059771787551,0.04205702538802525,0.006261616867582975,0.0,0.0,0.04205702538802525,0.006261616867582975,0.11817693036146495,0.45543778132003165,0.0761199049734397,0.4491761644524487,0.11817693036146495,0.45543778132003165,0.0761199049734397,0.4491761644524487,7.776,1713944838.8655057,2024-04-24_17-47-18
2,0.03872388389058443,0.0,0.03872388389058443,0.03841319433605746,0.004895475918820169,0.0,0.0,0.03841319433605746,0.004895475918820169,0.11817693036146495,0.45543778132003165,0.0797637360254075,0.4505423054012115,0.11817693036146495,0.45543778132003165,0.0797637360254075,0.4505423054012115,7.8,1713944838.890252,2024-04-24_17-47-18
2,0.03516951549088647,0.0,0.03516951549088647,0.034985964969625846,0.0035884641572427878,0.0,0.0,0.034985964969625846,0.0035884641572427878,0.11817693036146495,0.45543778132003165,0.08319096539183911,0.45184931716278887,0.11817693036146495,0.45543778132003165,0.08319096539183911,0.45184931716278887,7.826,1713944838.9154127,2024-04-24_17-47-18
2,0.03226192362117822,0.0,0.03226192362117822,0.03216151603693593,0.002543344637411571,0.0,0.0,0.03216151603693593,0.002543344637411571,0.11817693036146495,0.45543778132003165,0.08601541432452903,0.4528944366826201,0.11817693036146495,0.45543778132003165,0.08601541432452903,0.4528944366826201,7.85,1713944838.9401126,2024-04-24_17-47-18
2,0.02990239886163666,0.0,0.02990239886163666,0.029847252531782165,0.0018152063200729263,0.0,0.0,0.029847252531782165,0.0018152063200729263,0.11817693036146495,0.45543778132003165,0.08832967782968279,0.4536225749999587,0.11817693036146495,0.45543778132003165,0.08832967782968279,0.4536225749999587,7.876,1713944838.9653573,2024-04-24_17-47-18
2,0.028591389411684622,0.0,0.028591389411684622,0.028548397084728935,0.0015673456489339044,0.0,0.0,0.028548397084728935,0.0015673456489339044,0.11817693036146495,0.45543778132003165,0.08962853327673602,0.45387043567109775,0.11817693036146495,0.45543778132003165,0.08962853327673602,0.45387043567109775,7.9,1713944838.9902263,2024-04-24_17-47-18
2,0.027182192854471265,0.0,0.027182192854471265,0.027102048939690343,0.0020857976048260785,0.0,0.0,0.027102048939690343,0.0020857976048260785,0.11817693036146495,0.45543778132003165,0.09107488142177461,0.4533519837152056,0.11817693036146495,0.45543778132003165,0.09107488142177461,0.4533519837152056,7.926,1713944839.0154488,2024-04-24_17-47-19
2,0.02576712996663555,0.0,0.02576712996663555,0.025619450146391498,0.0027547705737589467,0.0,0.0,0.025619450146391498,0.0027547705737589467,0.11817693036146495,0.45543778132003165,0.09255748021507346,0.4526830107462727,0.11817693036146495,0.45543778132003165,0.09255748021507346,0.4526830107462727,7.95,1713944839.0402985,2024-04-24_17-47-19
2,0.024214272133952407,0.0,0.024214272133952407,0.023944128305564305,0.0036068954328866143,0.0,0.0,0.023944128305564305,0.0036068954328866143,0.11817693036146495,0.45543778132003165,0.09423280205590065,0.45183088588714504,0.11817693036146495,0.45543778132003165,0.09423280205590065,0.45183088588714504,7.976,1713944839.06549,2024-04-24_17-47-19
2,0.02324491499715411,0.0,0.02324491499715411,0.022811243984903987,0.004469140978544062,0.0,0.0,0.022811243984903987,0.004469140978544062,0.11817693036146495,0.45543778132003165,0.09536568637656097,0.4509686403414876,0.11817693036146495,0.45543778132003165,0.09536568637656097,0.4509686403414876,8.0,1713944839.090162,2024-04-24_17-47-19
2,0.021919049610533658,0.0,0.021919049610533658,0.021234432997296535,0.00543540165142925,0.0,0.0,0.021234432997296535,0.00543540165142925,0.11817693036146495,0.45543778132003165,0.09694249736416842,0.4500023796686024,0.11817693036146495,0.45543778132003165,0.09694249736416842,0.4500023796686024,8.026,1713944839.11535,2024-04-24_17-47-19
2,0.020036725062824015,0.0,0.020036725062824015,0.018926530440261102,0.006576989945033362,0.0,0.0,0.018926530440261102,0.006576989945033362,0.11817693036146495,0.45543778132003165,0.09925039992120385,0.4488607913749983,0.11817693036146495,0.45543778132003165,0.09925039992120385,0.4488607913749983,8.05,1713944839.1403315,2024-04-24_17-47-19
2,0.01739497963374374,0.0,0.01739497963374374,0.01569403621796217,0.007502169262796676,0.0,0.0,0.01569403621796217,0.007502169262796676,0.11817693036146495,0.45543778132003165,0.10248289414350278,0.447935612057235,0.11817693036146495,0.45543778132003165,0.10248289414350278,0.447935612057235,8.076,1713944839.165382,2024-04-24_17-47-19
2,0.015148533437733487,0.0,0.015148533437733487,0.012832429248059968,0.008050268623323364,0.0,0.0,0.012832429248059968,0.008050268623323364,0.11817693036146495,0.45543778132003165,0.10534450111340499,0.4473875126967083,0.11817693036146495,0.45543778132003165,0.10534450111340499,0.4473875126967083,8.1,1713944839.1901617,2024-04-24_17-47-19
2,0.013091258081345702,0.0,0.013091258081345702,0.01046936653977762,0.007859605741268705,0.0,0.0,0.01046936653977762,0.007859605741268705,0.11817693036146495,0.45543778132003165,0.10770756382168734,0.44757817557876295,0.11817693036146495,0.45543778132003165,0.10770756382168734,0.44757817557876295,8.126,1713944839.2151299,2024-04-24_17-47-19
2,0.011054117006133658,0.0,0.011054117006133658,0.008287489387220348,0.00731512285898217,0.0,0.0,0.008287489387220348,0.00731512285898217,0.11817693036146495,0.45543778132003165,0.1098894409742446,0.4481226584610495,0.11817693036146495,0.45543778132003165,0.1098894409742446,0.4481226584610495,8.15,1713944839.2402942,2024-04-24_17-47-19
2,0.008839515410599373,0.0,0.008839515410599373,0.006142838813300244,0.0063563011262868785,0.0,0.0,0.006142838813300244,0.0063563011262868785,0.11817693036146495,0.45543778132003165,0.11203409154816471,0.4490814801937448,0.11817693036146495,0.45543778132003165,0.11203409154816471,0.4490814801937448,8.176,1713944839.2664926,2024-04-24_17-47-19
2,0.007869936639150718,0.0,0.007869936639150718,0.005292202382012043,0.005824817306325836,0.0,0.0,0.005292202382012043,0.005824817306325836,0.11817693036146495,0.45543778132003165,0.11288472797945291,0.4496129640137058,0.11817693036146495,0.45543778132003165,0.11288472797945291,0.4496129640137058,8.2,1713944839.2902462,2024-04-24_17-47-19
2,0.0073614989682996585,0.0,0.0073614989682996585,0.004937475947263917,0.005460128050739033,0.0,0.0,0.004937475947263917,0.005460128050739033,0.11817693036146495,0.45543778132003165,0.11323945441420104,0.4499776532692926,0.11817693036146495,0.45543778132003165,0.11323945441420104,0.4499776532692926,8.226,1713944839.3152745,2024-04-24_17-47-19
2,0.0073614989682996585,0.0,0.0073614989682996585,0.004937475947263917,0.005460128050739033,0.0,0.0,0.004937475947263917,0.005460128050739033,0.11817693036146495,0.45543778132003165,0.11323945441420104,0.4499776532692926,0.11817693036146495,0.45543778132003165,0.11323945441420104,0.4499776532692926,8.25,1713944839.3401477,2024-04-24_17-47-19
2,0.0073614989682996585,0.0,0.0073614989682996585,0.004937475947263917,0.005460128050739033,0.0,0.0,0.004937475947263917,0.005460128050739033,0.11817693036146495,0.45543778132003165,0.11323945441420104,0.4499776532692926,0.11817693036146495,0.45543778132003165,0.11323945441420104,0.4499776532692926,8.276,1713944839.3651958,2024-04-24_17-47-19
2,0.0073614989682996585,0.0,0.0073614989682996585,0.004937475947263917,0.005460128050739033,0.0,0.0,0.004937475947263917,0.005460128050739033,0.11817693036146495,0.45543778132003165,0.11323945441420104,0.4499776532692926,0.11817693036146495,0.45543778132003165,0.11323945441420104,0.4499776532692926,8.3,1713944839.3902173,2024-04-24_17-47-19
2,0.007194159785775069,0.0,0.007194159785775069,0.004548538853459266,0.005573753611511245,0.0,0.0,0.004548538853459266,0.005573753611511245,0.11817693036146495,0.45543778132003165,0.11362839150800569,0.4498640277085204,0.11817693036146495,0.45543778132003165,0.11362839150800569,0.4498640277085204,8.326,1713944839.415258,2024-04-24_17-47-19
2,0.006959287935237254,0.0,0.006959287935237254,0.0039012813341553765,0.005762958660038231,0.0,0.0,0.0039012813341553765,0.005762958660038231,0.11817693036146495,0.45543778132003165,0.11427564902730958,0.4496748226599934,0.11817693036146495,0.45543778132003165,0.11427564902730958,0.4496748226599934,8.35,1713944839.4401042,2024-04-24_17-47-19
2,0.006355241684182925,0.0,0.006355241684182925,0.002475539219423853,0.0058532727971170595,0.0,0.0,0.002475539219423853,0.0058532727971170595,0.11817693036146495,0.45543778132003165,0.1157013911420411,0.4495845085229146,0.11817693036146495,0.45543778132003165,0.1157013911420411,0.4495845085229146,8.376,1713944839.465297,2024-04-24_17-47-19
2,0.0058227402500154075,0.0,0.0058227402500154075,0.00031155277486411004,0.0058143992714315695,0.0,0.0,0.00031155277486411004,0.0058143992714315695,0.11817693036146495,0.45543778132003165,0.11848848313632906,0.4496233820486001,0.11817693036146495,0.45543778132003165,0.11848848313632906,0.4496233820486001,8.4,1713944839.490081,2024-04-24_17-47-19
2,0.0068875330377843125,0.0,0.0068875330377843125,0.003645878357195681,0.00584343070046206,0.0,0.0,0.003645878357195681,0.00584343070046206,0.11817693036146495,0.45543778132003165,0.12182280871866064,0.4495943506195696,0.11817693036146495,0.45543778132003165,0.12182280871866064,0.4495943506195696,8.426,1713944839.5151236,2024-04-24_17-47-19
2,0.007371088124223411,0.0,0.007371088124223411,0.004900493717874696,0.005506187560929798,0.0,0.0,0.004900493717874696,0.005506187560929798,0.11817693036146495,0.45543778132003165,0.12307742407933965,0.44993159375910186,0.11817693036146495,0.45543778132003165,0.12307742407933965,0.44993159375910186,8.45,1713944839.5402055,2024-04-24_17-47-19
2,0.007371088124223411,0.0,0.007371088124223411,0.004900493717874696,0.005506187560929798,0.0,0.0,0.004900493717874696,0.005506187560929798,0.11817693036146495,0.45543778132003165,0.12307742407933965,0.44993159375910186,0.11817693036146495,0.45543778132003165,0.12307742407933965,0.44993159375910186,8.476,1713944839.5652304,2024-04-24_17-47-19
2,0.007371088124223411,0.0,0.007371088124223411,0.004900493717874696,0.005506187560929798,0.0,0.0,0.004900493717874696,0.005506187560929798,0.11817693036146495,0.45543778132003165,0.12307742407933965,0.44993159375910186,0.11817693036146495,0.45543778132003165,0.12307742407933965,0.44993159375910186,8.5,1713944839.590095,2024-04-24_17-47-19
2,0.007371088124223411,0.0,0.007371088124223411,0.004900493717874696,0.005506187560929798,0.0,0.0,0.004900493717874696,0.005506187560929798,0.11817693036146495,0.45543778132003165,0.12307742407933965,0.44993159375910186,0.11817693036146495,0.45543778132003165,0.12307742407933965,0.44993159375910186,8.526,1713944839.615337,2024-04-24_17-47-19
2,0.007371088124223411,0.0,0.007371088124223411,0.004900493717874696,0.005506187560929798,0.0,0.0,0.004900493717874696,0.005506187560929798,0.11817693036146495,0.45543778132003165,0.12307742407933965,0.44993159375910186,0.11817693036146495,0.45543778132003165,0.12307742407933965,0.44993159375910186,8.55,1713944839.6399956,2024-04-24_17-47-19
2,0.007371088124223411,0.0,0.007371088124223411,0.004900493717874696,0.005506187560929798,0.0,0.0,0.004900493717874696,0.005506187560929798,0.11817693036146495,0.45543778132003165,0.12307742407933965,0.44993159375910186,0.11817693036146495,0.45543778132003165,0.12307742407933965,0.44993159375910186,8.576,1713944839.665219,2024-04-24_17-47-19
2,0.007258578626474505,0.0,0.007258578626474505,0.004772897910108459,0.005468675270702661,0.0,0.0,0.004772897910108459,0.005468675270702661,0.11817693036146495,0.45543778132003165,0.12294982827157341,0.449969106049329,0.11817693036146495,0.45543778132003165,0.12294982827157341,0.449969106049329,8.6,1713944839.69005,2024-04-24_17-47-19
2,0.007258578626474505,0.0,0.007258578626474505,0.004772897910108459,0.005468675270702661,0.0,0.0,0.004772897910108459,0.005468675270702661,0.11817693036146495,0.45543778132003165,0.12294982827157341,0.449969106049329,0.11817693036146495,0.45543778132003165,0.12294982827157341,0.449969106049329,8.626,1713944839.7152095,2024-04-24_17-47-19
2,0.007258578626474505,0.0,0.007258578626474505,0.004772897910108459,0.005468675270702661,0.0,0.0,0.004772897910108459,0.005468675270702661,0.11817693036146495,0.45543778132003165,0.12294982827157341,0.449969106049329,0.11817693036146495,0.45543778132003165,0.12294982827157341,0.449969106049329,8.65,1713944839.7401886,2024-04-24_17-47-19
2,0.007146734561191616,0.0,0.007146734561191616,0.0046452530346252074,0.005431154493515722,0.0,0.0,0.0046452530346252074,0.005431154493515722,0.11817693036146495,0.45543778132003165,0.12282218339609016,0.45000662682651593,0.11817693036146495,0.45543778132003165,0.12282218339609016,0.45000662682651593,8.676,1713944839.7651656,2024-04-24_17-47-19
2,0.007146734561191616,0.0,0.007146734561191616,0.0046452530346252074,0.005431154493515722,0.0,0.0,0.0046452530346252074,0.005431154493515722,0.11817693036146495,0.45543778132003165,0.12282218339609016,0.45000662682651593,0.11817693036146495,0.45543778132003165,0.12282218339609016,0.45000662682651593,8.7,1713944839.7900393,2024-04-24_17-47-19
2,0.007115679157635669,0.0,0.007115679157635669,0.005000247101998548,0.005062649384795059,0.0,0.0,0.005000247101998548,0.005062649384795059,0.11817693036146495,0.45543778132003165,0.1231771774634635,0.4503751319352366,0.11817693036146495,0.45543778132003165,0.1231771774634635,0.4503751319352366,8.726,1713944839.8151736,2024-04-24_17-47-19
2,0.006992183168922705,0.0,0.006992183168922705,0.005317319509673402,0.004540565900833571,0.0,0.0,0.005317319509673402,0.004540565900833571,0.11817693036146495,0.45543778132003165,0.12349424987113836,0.4508972154191981,0.11817693036146495,0.45543778132003165,0.12349424987113836,0.4508972154191981,8.75,1713944839.8403225,2024-04-24_17-47-19
2,0.0066150998653984735,0.0,0.0066150998653984735,0.005113608952841936,0.004196492548141806,0.0,0.0,0.005113608952841936,0.004196492548141806,0.11817693036146495,0.45543778132003165,0.12329053931430689,0.45124128877188985,0.11817693036146495,0.45543778132003165,0.12329053931430689,0.45124128877188985,8.776,1713944839.865053,2024-04-24_17-47-19
2,0.00636610086109137,0.0,0.00636610086109137,0.004947879072803363,0.004005712527691274,0.0,0.0,0.004947879072803363,0.004005712527691274,0.11817693036146495,0.45543778132003165,0.12312480943426832,0.4514320687923404,0.11817693036146495,0.45543778132003165,0.12312480943426832,0.4514320687923404,8.8,1713944839.8899064,2024-04-24_17-47-19
2,0.005999156173804672,0.0,0.005999156173804672,0.004564546728764954,0.003892915097792382,0.0,0.0,0.004564546728764954,0.003892915097792382,0.11817693036146495,0.45543778132003165,0.12274147709022991,0.45154486622223927,0.11817693036146495,0.45543778132003165,0.12274147709022991,0.45154486622223927,8.826,1713944839.9152777,2024-04-24_17-47-19
2,0.005627353315632399,0.0,0.005627353315632399,0.0042706839008395114,0.003664473271572488,0.0,0.0,0.0042706839008395114,0.003664473271572488,0.11817693036146495,0.45543778132003165,0.12244761426230447,0.45177330804845917,0.11817693036146495,0.45543778132003165,0.12244761426230447,0.45177330804845917,8.85,1713944839.9403236,2024-04-24_17-47-19
7,0.239969116215257,0.2363538607229299,0.239969116215257,0.2399461074184442,0.003322991403533926,0.2363538607229299,5.551115123125783e-17,0.2399461074184442,0.003322991403533926,-0.11817693036146497,0.4554377813200316,0.1217691770569792,0.4521147899164977,0.11817693036146495,0.45543778132003165,0.1217691770569792,0.4521147899164977,8.876,1713944839.965306,2024-04-24_17-47-19
7,0.23945394304899803,0.23979958430169773,0.23945394304899803,0.23943293024394402,0.0031721848167185485,0.23977659175999896,0.003320643796890732,0.23943293024394402,0.0031721848167185485,-0.11817693036146497,0.4554377813200316,0.12125599988247904,0.45226559650331305,0.121599661398534,0.45211713752314087,0.12125599988247904,0.45226559650331305,8.9,1713944839.9899771,2024-04-24_17-47-19
7,0.23898720811778995,0.23916280285543418,0.23898720811778995,0.2389713554801581,0.0027526176472155717,0.23913987136982107,0.0033118259152181695,0.2389713554801581,0.0027526176472155717,-0.11817693036146497,0.4554377813200316,0.12079442511869314,0.452685163672816,0.12096294100835611,0.45212595540481343,0.12079442511869314,0.452685163672816,8.926,1713944840.014996,2024-04-24_17-47-20
7,0.23831266457479397,0.2381574530912865,0.23831266457479397,0.2383043628296405,0.0019891588919264125,0.23813461800094632,0.003297904254479067,0.2383043628296405,0.0019891588919264125,-0.11817693036146497,0.4554377813200316,0.12012743246817552,0.4534486224281052,0.11995768763948136,0.45213987706555253,0.12012743246817552,0.4534486224281052,8.95,1713944840.040283,2024-04-24_17-47-20
7,0.237265038632573,0.23662000373868858,0.237265038632573,0.2372640301290604,0.000691783371207455,0.236597316062567,0.0032766143024109406,0.2372640301290604,0.000691783371207455,-0.11817693036146497,0.4554377813200316,0.11908709976759543,0.45474599794882414,0.11842038570110204,0.45216116701762066,0.11908709976759543,0.45474599794882414,8.976,1713944840.0652845,2024-04-24_17-47-20
7,0.23562983926874373,0.23479209496982872,0.23562983926874373,0.23562744814352193,0.0010615249341810462,0.23476958255784997,0.0032513021904976847,0.23562744814352193,0.0010615249341810462,-0.11817693036146497,0.4554377813200316,0.11745051778205695,0.45649930625421264,0.11659265219638501,0.4521864791295339,0.11745051778205695,0.45649930625421264,9.0,1713944840.0901277,2024-04-24_17-47-20
7,0.23377960888714672,0.23237639718449166,0.23377960888714672,0.23376357788791963,0.0027377334541228704,0.2323541163952333,0.003217850623476015,0.23376357788791963,0.0027377334541228704,-0.11817693036146497,0.4554377813200316,0.11558664752645464,0.45817551477415447,0.11417718603376834,0.4522199306965556,0.11558664752645464,0.45817551477415447,9.026,1713944840.1152654,2024-04-24_17-47-20
7,0.23284298173495052,0.2297525844368617,0.23284298173495052,0.23280607959721267,0.004145292004042511,0.22973055522487018,0.0031815171679782095,0.23280607959721267,0.004145292004042511,-0.11817693036146497,0.4554377813200316,0.11462914923574768,0.4595830733240741,0.11155362486340523,0.4522562641520534,0.11462914923574768,0.4595830733240741,9.05,1713944840.1401155,2024-04-24_17-47-20
7,0.23273662928747213,0.22649386453217343,0.23273662928747213,0.23269115146980235,0.0046007216555375985,0.22647214777382318,0.0031363917851764955,0.23269115146980235,0.0046007216555375985,-0.11817693036146497,0.4554377813200316,0.11451422110833737,0.4600385029755692,0.10829521741235823,0.4523013895348551,0.11451422110833737,0.4600385029755692,9.076,1713944840.1654067,2024-04-24_17-47-20
7,0.23273662928747213,0.2231124089039456,0.23273662928747213,0.23269115146980235,0.0046007216555375985,0.22309101636742318,0.00308956680969108,0.23269115146980235,0.0046007216555375985,-0.11817693036146497,0.4554377813200316,0.11451422110833737,0.4600385029755692,0.1049140860059582,0.4523482145103405,0.11451422110833737,0.4600385029755692,9.1,1713944840.1902382,2024-04-24_17-47-20
7,0.23273662928747213,0.21905818635411461,0.23273662928747213,0.23269115146980235,0.0046007216555375985,0.21903718254587673,0.0030334256408041105,0.23269115146980235,0.0046007216555375985,-0.11817693036146497,0.4554377813200316,0.11451422110833737,0.4600385029755692,0.10086025218441175,0.4524043556792275,0.11451422110833737,0.4600385029755692,9.126,1713944840.2149181,2024-04-24_17-47-20
7,0.23273662928747213,0.21496839708272336,0.23273662928747213,0.23269115146980235,0.0046007216555375985,0.21494778541298992,0.0029767919589143155,0.23269115146980235,0.0046007216555375985,-0.11817693036146497,0.4554377813200316,0.11451422110833737,0.4600385029755692,0.09677085505152495,0.4524609893611173,0.11451422110833737,0.4600385029755692,9.15,1713944840.2400727,2024-04-24_17-47-20
7,0.23273662928747213,0.2101777915818403,0.23273662928747213,0.23269115146980235,0.0046007216555375985,0.2101576392465009,0.0029104536686033744,0.23269115146980235,0.0046007216555375985,-0.11817693036146497,0.4554377813200316,0.11451422110833737,0.4600385029755692,0.09198070888503594,0.4525273276514282,0.11451422110833737,0.4600385029755692,9.176,1713944840.265133,2024-04-24_17-47-20
7,0.23273662928747213,0.20543930700426594,0.23273662928747213,0.23269115146980235,0.0046007216555375985,0.20541960900584524,0.0028448371269191863,0.23269115146980235,0.0046007216555375985,-0.11817693036146497,0.4554377813200316,0.11451422110833737,0.4600385029755692,0.08724267864438028,0.4525929441931124,0.11451422110833737,0.4600385029755692,9.2,1713944840.290106,2024-04-24_17-47-20
7,0.23260702014694032,0.1999821763680379,0.23260702014694032,0.23256075539384652,0.0046390594178756794,0.1999630016119909,0.002769269076837777,0.23256075539384652,0.0046390594178756794,-0.11817693036146497,0.4554377813200316,0.11438382503238154,0.4600768407379073,0.08178607125052594,0.4526685122431938,0.11438382503238154,0.4600768407379073,9.226,1713944840.3149648,2024-04-24_17-47-20
7,0.23146335138428567,0.1946640942595594,0.23146335138428567,0.2314195789352272,0.004501279761074173,0.19464542941359003,0.002695626512292437,0.2314195789352272,0.004501279761074173,-0.11817693036146497,0.4554377813200316,0.1132426485737622,0.45993906108110577,0.07646849905212505,0.45274215480773916,0.1132426485737622,0.45993906108110577,9.25,1713944840.3401318,2024-04-24_17-47-20
7,0.2281421409143244,0.18862001574105047,0.2281421409143244,0.22810323547920003,0.004213125311697707,0.18860193041538248,0.0026119306547752186,0.22810323547920003,0.004213125311697707,-0.11817693036146497,0.4554377813200316,0.10992630511773507,0.4596509066317293,0.0704250000539175,0.4528258506652564,0.10992630511773507,0.4596509066317293,9.276,1713944840.3650827,2024-04-24_17-47-20
7,0.22356912689501549,0.18279988571408756,0.22356912689501549,0.22354860563919948,0.003029095140335447,0.18278235843601887,0.002531335941788504,0.22354860563919948,0.003029095140335447,-0.11817693036146497,0.4554377813200316,0.1053716752777345,0.45846687646036705,0.06460542807455391,0.4529064453782431,0.1053716752777345,0.45846687646036705,9.3,1713944840.3900983,2024-04-24_17-47-20
7,0.21803017297668564,0.17625699558817717,0.21803017297668564,0.21803005449479412,0.00022729989126246686,0.17624009565762658,0.002440732750904673,0.21803005449479412,0.00022729989126246686,-0.11817693036146497,0.4554377813200316,0.09985312413332917,0.45566508121129407,0.05806316529616161,0.4529970485691269,0.09985312413332917,0.45566508121129407,9.326,1713944840.4152396,2024-04-24_17-47-20
7,0.21342427006434975,0.17001968824431435,0.21342427006434975,0.21339430686468103,0.0035761501985848154,0.1700033863612942,0.002354361141875372,0.21339430686468103,0.0035761501985848154,-0.11817693036146497,0.4554377813200316,0.09521737650321607,0.4518616311214468,0.05182645599982924,0.4530834201781562,0.09521737650321607,0.4518616311214468,9.35,1713944840.439941,2024-04-24_17-47-20
7,0.2081777275202956,0.1630733965823437,0.2081777275202956,0.20801112567685304,0.008326934019366683,0.16305776072591888,0.002258171816168719,0.20801112567685304,0.008326934019366683,-0.11817693036146497,0.4554377813200316,0.08983419531538808,0.4471108473006649,0.04488083036445392,0.4531796095038629,0.08983419531538808,0.4471108473006649,9.376,1713944840.4652262,2024-04-24_17-47-20
7,0.20268422734579505,0.15650986590784752,0.20268422734579505,0.20230904218194357,0.012326697294349043,0.15649485937800456,0.0021672828036483627,0.20230904218194357,0.012326697294349043,-0.11817693036146497,0.4554377813200316,0.08413211182047861,0.44311108402568256,0.038317929016539604,0.45327049851638324,0.08413211182047861,0.44311108402568256,9.4,1713944840.489914,2024-04-24_17-47-20
7,0.1965336033900956,0.14926146528393477,0.1965336033900956,0.19589887428552133,0.015782531962930002,0.1492471537475968,0.0020669100000871854,0.19589887428552133,0.015782531962930002,-0.11817693036146497,0.4554377813200316,0.07772194392405635,0.4396552493571016,0.031070223386131843,0.4533708713199444,0.07772194392405635,0.4396552493571016,9.426,1713944840.516822,2024-04-24_17-47-20
7,0.19034499831306662,0.14246742233582319,0.19034499831306662,0.18947712372551537,0.01815593477370603,0.14245376222811987,0.001972828950542571,0.18947712372551537,0.01815593477370603,-0.11817693036146497,0.4554377813200316,0.0713001933640504,0.43728184654632557,0.0242768318666549,0.453464952369489,0.0713001933640504,0.43728184654632557,9.45,1713944840.5400162,2024-04-24_17-47-20
7,0.18312127129722533,0.13502261075304173,0.18312127129722533,0.1820000423124456,0.020233254799463418,0.13500966447118284,0.0018697363306225956,0.1820000423124456,0.020233254799463418,-0.11817693036146497,0.4554377813200316,0.06382311195098062,0.4352045265205682,0.016832734109717862,0.453568044989409,0.06382311195098062,0.4352045265205682,9.476,1713944840.5653486,2024-04-24_17-47-20
7,0.17667046680608314,0.12809712797635064,0.17667046680608314,0.17524993459419694,0.022358762626966178,0.12808484572588275,0.0017738351576082612,0.17524993459419694,0.022358762626966178,-0.11817693036146497,0.4554377813200316,0.05707300423273197,0.4330790186930654,0.009907915364417777,0.45366394616242334,0.05707300423273197,0.4330790186930654,9.5,1713944840.5898304,2024-04-24_17-47-20
7,0.17019942858143292,0.12056446755183309,0.17019942858143292,0.16839600658116965,0.024710938002450444,0.12055290755036084,0.0016695260438722714,0.16839600658116965,0.024710938002450444,-0.11817693036146497,0.4554377813200316,0.05021907621970469,0.43072684331758115,0.0023759771888958725,0.4537682552761593,0.05021907621970469,0.43072684331758115,9.526,1713944840.615331,2024-04-24_17-47-20
7,0.16433169110830662,0.11360853408027566,0.16433169110830662,0.1622304194336382,0.02619533761763193,0.11359764102987784,0.001573203202441309,0.1622304194336382,0.02619533761763193,-0.11817693036146497,0.4554377813200316,0.04405348907217322,0.42924244370239967,-0.004579289331587133,0.4538645781175903,0.04405348907217322,0.42924244370239967,9.55,1713944840.6400301,2024-04-24_17-47-20
7,0.15725206085821153,0.10609786796508561,0.15725206085821153,0.15495688566174076,0.026768904164512664,0.1060876950548179,0.0014691986566512938,0.15495688566174076,0.026768904164512664,-0.11817693036146497,0.4554377813200316,0.03677995530027579,0.42866887715551893,-0.012089235306647073,0.4539685826633803,0.03677995530027579,0.42866887715551893,9.576,1713944840.6651247,2024-04-24_17-47-20
7,0.15004230538746272,0.09921291697207525,0.15004230538746272,0.14771282605069297,0.02633656063540457,0.09920340420691688,0.0013738587507319266,0.14771282605069297,0.02633656063540457,-0.11817693036146497,0.4554377813200316,0.029535895689228,0.429101220684627,-0.018973526154548087,0.45406392256929967,0.029535895689228,0.429101220684627,9.6,1713944840.6898694,2024-04-24_17-47-20
7,0.14146545654700238,0.0918337675907193,0.14146545654700238,0.13919269927182962,0.02525604611719373,0.09182496235556083,0.0012716753933633695,0.13919269927182962,0.02525604611719373,-0.11817693036146497,0.4554377813200316,0.021015768910364656,0.43018173520283787,-0.02635196800590414,0.45416610592666823,0.021015768910364656,0.43018173520283787,9.626,1713944840.7152011,2024-04-24_17-47-20
7,0.1336198697922814,0.08512019716529359,0.1336198697922814,0.1313807368267491,0.02435921990061929,0.08511203564287716,0.0011787086934706426,0.1313807368267491,0.02435921990061929,-0.11817693036146497,0.4554377813200316,0.013203806465284147,0.4310785614194123,-0.03306489471858781,0.45425907262656096,0.013203806465284147,0.4310785614194123,9.65,1713944840.7401774,2024-04-24_17-47-20
7,0.12520558432864665,0.07798016913214922,0.12520558432864665,0.12299388105967714,0.02342954478763598,0.07797269221222182,0.0010798365879708394,0.12299388105967714,0.02342954478763598,-0.11817693036146497,0.4554377813200316,0.004816950698212173,0.4320082365323956,-0.04020423814924315,0.45435794473206076,0.004816950698212173,0.4320082365323956,9.676,1713944840.765178,2024-04-24_17-47-20
7,0.11743379410793678,0.07153587824875475,0.11743379410793678,0.11532962191489195,0.022130845161298318,0.07152901922242082,0.0009905987579319486,0.11532962191489195,0.022130845161298318,-0.11817693036146497,0.4554377813200316,-0.0028473084465730253,0.4333069361587333,-0.04664791113904415,0.45444718256209965,-0.0028473084465730253,0.4333069361587333,9.7,1713944840.7898164,2024-04-24_17-47-20
7,0.10907119608799452,0.06473908925048817,0.10907119608799452,0.10706922637172027,0.02080160042465662,0.06473288191608655,0.0008964796822396592,0.10706922637172027,0.02080160042465662,-0.11817693036146497,0.4554377813200316,-0.011107703989744696,0.434636180895375,-0.05344404844537842,0.45454130163779194,-0.011107703989744696,0.434636180895375,9.726,1713944840.8150737,2024-04-24_17-47-20
7,0.10195590586469612,0.058658050181484206,0.10195590586469612,0.10016638757450656,0.019018452643801365,0.05865242591124749,0.0008122720105627756,0.10016638757450656,0.019018452643801365,-0.11817693036146497,0.4554377813200316,-0.01801054278695841,0.43641932867623023,-0.05952450445021748,0.4546255093094688,-0.01801054278695841,0.43641932867623023,9.75,1713944840.8399477,2024-04-24_17-47-20
7,0.0948513762496601,0.052303612706725976,0.0948513762496601,0.09314963794921041,0.017886545960179245,0.05229859771472899,0.0007242784327393115,0.09314963794921041,0.017886545960179245,-0.11817693036146497,0.4554377813200316,-0.025027292412254556,0.43755123535985235,-0.06587833264673598,0.4547135028872923,-0.025027292412254556,0.43755123535985235,9.776,1713944840.8650906,2024-04-24_17-47-20
7,0.08875494502590839,0.0466745006950461,0.08875494502590839,0.08708259333877658,0.01714824200742704,0.046670025435396986,0.0006463288568965275,0.08708259333877658,0.01714824200742704,-0.11817693036146497,0.4554377813200316,-0.0310943370226884,0.43828953931260456,-0.07150690492606798,0.45479145246313507,-0.0310943370226884,0.43828953931260456,9.8,1713944840.8899248,2024-04-24_17-47-20
7,0.08223312748218757,0.04085507675112527,0.08223312748218757,0.08062925843531552,0.016161990585098596,0.04085115947137459,0.0005657439214508675,0.08062925843531552,0.016161990585098596,-0.11817693036146497,0.4554377813200316,-0.037547671926149453,0.439275790734933,-0.07732577089009038,0.45487203739858073,-0.037547671926149453,0.439275790734933,9.826,1713944840.915015,2024-04-24_17-47-20
7,0.07639119910565097,0.03575997692555603,0.07639119910565097,0.07490963680310372,0.014972027745976724,0.0357565481758232,0.0004951891217852,0.07490963680310372,0.014972027745976724,-0.11817693036146497,0.4554377813200316,-0.043267293558361244,0.4404657535740549,-0.08242038218564177,0.4549425921982464,-0.043267293558361244,0.4404657535740549,9.85,1713944840.9399025,2024-04-24_17-47-20
7,0.07076910502373478,0.03056042681777645,0.07076910502373478,0.06942828216331891,0.013710574813295628,0.03055749661299738,0.000423187938537517,0.06942828216331891,0.013710574813295628,-0.11817693036146497,0.4554377813200316,-0.04874864819814606,0.44172720650673597,-0.08761943374846759,0.4550145933814941,-0.04874864819814606,0.44172720650673597,9.876,1713944840.9648802,2024-04-24_17-47-20
7,0.06585715143666541,0.026073637206940253,0.06585715143666541,0.06460796736069023,0.012766164219211118,0.026071137205981268,0.0003610567629036554,0.06460796736069023,0.012766164219211118,-0.11817693036146497,0.4554377813200316,-0.05356896300077474,0.4426716171008205,-0.0921057931554837,0.45507672455712794,-0.05356896300077474,0.4426716171008205,9.9,1713944840.9899933,2024-04-24_17-47-20
7,0.0605374062647532,0.021569782084240572,0.0605374062647532,0.05941943451139144,0.011580516379257166,0.021567713923382623,0.0002986892712383282,0.05941943451139144,0.011580516379257166,-0.11817693036146497,0.4554377813200316,-0.058757495850073525,0.44385726494077443,-0.09660921643808235,0.45513909204879327,-0.058757495850073525,0.44385726494077443,9.926,1713944841.0148695,2024-04-24_17-47-21
7,0.05564386762167659,0.017756730184033724,0.05564386762167659,0.05464179816751473,0.010512559009073497,0.017755027627457662,0.00024588773208417125,0.05464179816751473,0.010512559009073497,-0.11817693036146497,0.4554377813200316,-0.06353513219395024,0.4449252223109581,-0.1004219027340073,0.4551918935879474,-0.06353513219395024,0.4449252223109581,9.95,1713944841.039793,2024-04-24_17-47-21
7,0.050546595864440456,0.014014246395901311,0.050546595864440456,0.049666831537696535,0.00938957924984618,0.014012902677372471,0.00019406339046901255,0.049666831537696535,0.00938957924984618,-0.11817693036146497,0.4554377813200316,-0.06851009882376843,0.4460482020701854,-0.1041640276840925,0.4552437179295626,-0.06851009882376843,0.4460482020701854,9.976,1713944841.064966,2024-04-24_17-47-21
7,0.04653114775872689,0.010930535089274033,0.04653114775872689,0.04576151868617985,0.008427996160350726,0.010929487044155181,0.00015136145313426885,0.04576151868617985,0.008427996160350726,-0.11817693036146497,0.4554377813200316,-0.07241541167528512,0.4470097851596809,-0.10724744331730979,0.45528641986689733,-0.07241541167528512,0.4470097851596809,10.0,1713944841.089838,2024-04-24_17-47-21
7,0.04271706124704468,0.008003996476679424,0.04271706124704468,0.04209530671207996,0.007261712910855256,0.008003229034887219,0.00011083597716826654,0.04209530671207996,0.007261712910855256,-0.11817693036146497,0.4554377813200316,-0.076081623649385,0.44817606840917634,-0.11017370132657775,0.45532694534286333,-0.076081623649385,0.44817606840917634,10.026,1713944841.114973,2024-04-24_17-47-21
7,0.03919169702317623,0.00569459321839536,0.03919169702317623,0.03870214278046008,0.006175213336988616,0.005694047207557132,7.885633205556575e-05,0.03870214278046008,0.006175213336988616,-0.11817693036146497,0.4554377813200316,-0.07947478758100489,0.449262567983043,-0.11248288315390784,0.45535892498797603,-0.07947478758100489,0.449262567983043,10.05,1713944841.13985,2024-04-24_17-47-21
7,0.034780451471691724,0.0036266753043012975,0.034780451471691724,0.034440739380292226,0.004849255150380427,0.00362632757024077,5.022067443377631e-05,0.034440739380292226,0.004849255150380427,-0.11817693036146497,0.4554377813200316,-0.08373619098117274,0.45058852616965117,-0.1145506027912242,0.4553875606455978,-0.08373619098117274,0.45058852616965117,10.076,1713944841.164895,2024-04-24_17-47-21
7,0.030831391340675758,0.002125256394189506,0.030831391340675758,0.030583269984773814,0.003903625115239562,0.002125052619665016,2.9429656780766145e-05,0.030583269984773814,0.003903625115239562,-0.11817693036146497,0.4554377813200316,-0.08759366037669115,0.45153415620479204,-0.11605187774179995,0.45540835166325083,-0.08759366037669115,0.45153415620479204,10.1,1713944841.1898005,2024-04-24_17-47-21
7,0.026293422851599104,0.0009461140783290247,0.026293422851599104,0.02615799280986751,0.002665238715746421,0.0009460233627113929,1.3101389873149127e-05,0.02615799280986751,0.002665238715746421,-0.11817693036146497,0.4554377813200316,-0.09201893755159746,0.4527725426042852,-0.11723090699875358,0.45542467993015845,-0.09201893755159746,0.4527725426042852,10.126,1713944841.214947,2024-04-24_17-47-21
7,0.02259783278025461,0.00027457358499985765,0.02259783278025461,0.022537408330523798,0.0016514454600701223,0.0002745472582461189,3.8021795345510867e-06,0.022537408330523798,0.0016514454600701223,-0.11817693036146497,0.4554377813200316,-0.09563952203094117,0.4537863358599615,-0.11790238310321885,0.45543397914049705,-0.09563952203094117,0.4537863358599615,10.15,1713944841.239799,2024-04-24_17-47-21
7,0.018982297191412575,1.4014175355228656e-06,0.018982297191412575,0.018966122496901952,0.0007834565052505238,1.4012831643511747e-06,1.9406240669983532e-08,0.018966122496901952,0.0007834565052505238,-0.11817693036146497,0.4554377813200316,-0.09921080786456302,0.4546543248147811,-0.11817552907830062,0.45543776191379093,-0.09921080786456302,0.4546543248147811,10.176,1713944841.2650583,2024-04-24_17-47-21
7,0.015210331728479876,1.3877787807814457e-17,0.015210331728479876,0.015201388876849922,0.000521505038504011,1.3877787807814457e-17,0.0,0.015201388876849922,0.000521505038504011,-0.11817693036146497,0.4554377813200316,-0.10297554148461505,0.4549162762815276,-0.11817693036146498,0.4554377813200316,-0.10297554148461505,0.4549162762815276,10.2,1713944841.2898145,2024-04-24_17-47-21
7,0.012367244283189763,1.3877787807814457e-17,0.012367244283189763,0.01236723842626862,1.2036108787472077e-05,1.3877787807814457e-17,0.0,0.01236723842626862,1.2036108787472077e-05,-0.11817693036146497,0.4554377813200316,-0.10580969193519635,0.45544981742881907,-0.11817693036146498,0.4554377813200316,-0.10580969193519635,0.45544981742881907,10.226,1713944841.3148835,2024-04-24_17-47-21
7,0.010232787136210402,1.3877787807814457e-17,0.010232787136210402,0.01023048460969131,0.00021706502680618467,1.3877787807814457e-17,0.0,0.01023048460969131,0.00021706502680618467,-0.11817693036146497,0.4554377813200316,-0.10794644575177366,0.4556548463468378,-0.11817693036146498,0.4554377813200316,-0.10794644575177366,0.4556548463468378,10.25,1713944841.339964,2024-04-24_17-47-21
7,0.008431509640700661,1.3877787807814457e-17,0.008431509640700661,0.008425051000538725,0.00032995523870615884,1.3877787807814457e-17,0.0,0.008425051000538725,0.00032995523870615884,-0.11817693036146497,0.4554377813200316,-0.10975187936092624,0.45576773655873776,-0.11817693036146498,0.4554377813200316,-0.10975187936092624,0.45576773655873776,10.276,1713944841.3650203,2024-04-24_17-47-21
7,0.006853105373633978,1.3877787807814457e-17,0.006853105373633978,0.006822242794401787,0.0006496587691733335,1.3877787807814457e-17,0.0,0.006822242794401787,0.0006496587691733335,-0.11817693036146497,0.4554377813200316,-0.11135468756706318,0.45608744008920493,-0.11817693036146498,0.4554377813200316,-0.11135468756706318,0.45608744008920493,10.3,1713944841.3898108,2024-04-24_17-47-21
7,0.005307108962962376,1.3877787807814457e-17,0.005307108962962376,0.005217675174463754,0.0009701913824293751,1.3877787807814457e-17,0.0,0.005217675174463754,0.0009701913824293751,-0.11817693036146497,0.4554377813200316,-0.11295925518700121,0.456407972702461,-0.11817693036146498,0.4554377813200316,-0.11295925518700121,0.456407972702461,10.326,1713944841.4149084,2024-04-24_17-47-21
3,0.23335583527273682,0.2363538607229299,0.23335583527273682,0.21838693082391347,0.08223195425835328,0.22209997881559762,0.08083778132003155,0.21838693082391347,0.08223195425835328,0.10392304845413264,0.37460000000000004,-0.11446388236978083,0.4568319542583533,-0.11817693036146498,0.4554377813200316,-0.11446388236978083,0.4568319542583533,10.35,1713944841.439787,2024-04-24_17-47-21
3,0.23549481394352922,0.23315964726669386,0.23549481394352922,0.22049765823922773,0.08269576836401105,0.2182033275450235,0.08216281982629547,0.22049765823922773,0.08269576836401105,0.10392304845413264,0.37460000000000004,-0.1165746097850951,0.4572957683640111,-0.11428027909089086,0.4567628198262955,-0.1165746097850951,0.4572957683640111,10.376,1713944841.4649298,2024-04-24_17-47-21
3,0.23763758264253065,0.23257174300894637,0.23763758264253065,0.22261148745349152,0.08316096643215243,0.21765313514757295,0.08195564902221042,0.22261148745349152,0.08316096643215243,0.10392304845413264,0.37460000000000004,-0.1186884389993589,0.45776096643215247,-0.1137300866934403,0.45655564902221046,-0.1186884389993589,0.45776096643215247,10.4,1713944841.4899077,2024-04-24_17-47-21
3,0.23960999337755615,0.23149513056654897,0.23960999337755615,0.2245602773731119,0.08358008586082899,0.21664558336851752,0.08157626298708631,0.2245602773731119,0.08358008586082899,0.10392304845413264,0.37460000000000004,-0.12063722891897928,0.45818008586082903,-0.1127225349143849,0.45617626298708636,-0.12063722891897928,0.45818008586082903,10.426,1713944841.5149326,2024-04-24_17-47-21
3,0.24100335864665978,0.23009902059708948,0.24100335864665978,0.22590560410599936,0.08395997208476197,0.21533902863434268,0.0810842896408272,0.22590560410599936,0.08395997208476197,0.10392304845413264,0.37460000000000004,-0.12198255565186672,0.458559972084762,-0.11141598018021004,0.45568428964082724,-0.12198255565186672,0.458559972084762,10.45,1713944841.5398672,2024-04-24_17-47-21
3,0.242457524787042,0.22815632035603509,0.242457524787042,0.22735340819429248,0.08423822830697775,0.2135209453511075,0.0803997040714397,0.22735340819429248,0.08423822830697775,0.10392304845413264,0.37460000000000004,-0.12343035974015984,0.4588382283069778,-0.10959789689697487,0.45499970407143975,-0.12343035974015984,0.4588382283069778,10.476,1713944841.5650058,2024-04-24_17-47-21
3,0.24356402996073598,0.2259723631019842,0.24356402996073598,0.2284652904377052,0.08442184406851883,0.21147708079033764,0.07963010226222245,0.2284652904377052,0.08442184406851883,0.10392304845413264,0.37460000000000004,-0.12454224198357254,0.45902184406851887,-0.107554032336205,0.4542301022622225,-0.12454224198357254,0.45902184406851887,10.5,1713944841.5897524,2024-04-24_17-47-21
3,0.24476389945092972,0.22319190400636738,0.24476389945092972,0.22971118781968522,0.08451116296025118,0.20887497775115926,0.07865029995772571,0.22971118781968522,0.08451116296025118,0.10392304845413264,0.37460000000000004,-0.12578813936555258,0.45911116296025123,-0.10495192929702662,0.45325029995772576,-0.12578813936555258,0.45911116296025123,10.526,1713944841.6148887,2024-04-24_17-47-21
3,0.24534781439976222,0.2202519464823326,0.24534781439976222,0.23031811721511813,0.08455243883663721,0.20612360751147263,0.07761429221292099,0.23031811721511813,0.08455243883663721,0.10392304845413264,0.37460000000000004,-0.1263950687609855,0.45915243883663726,-0.10220055905733999,0.45221429221292103,-0.1263950687609855,0.45915243883663726,10.55,1713944841.6397862,2024-04-24_17-47-21
3,0.24552269749253383,0.21667427388681598,0.24552269749253383,0.23048687934211634,0.08460019760699727,0.202775429238088,0.07635356089723722,0.23048687934211634,0.08460019760699727,0.10392304845413264,0.37460000000000004,-0.1265638308879837,0.4592001976069973,-0.09885238078395538,0.45095356089723726,-0.1265638308879837,0.4592001976069973,10.576,1713944841.6649046,2024-04-24_17-47-21
3,0.24552269749253383,0.21302118729370556,0.24552269749253383,0.23048687934211634,0.08460019760699727,0.19935667449312544,0.07506625454265059,0.23048687934211634,0.08460019760699727,0.10392304845413264,0.37460000000000004,-0.1265638308879837,0.4592001976069973,-0.09543362603899279,0.44966625454265063,-0.1265638308879837,0.4592001976069973,10.6,1713944841.6897976,2024-04-24_17-47-21
3,0.24552269749253383,0.20869847172094885,0.24552269749253383,0.23048687934211634,0.08460019760699727,0.19531124496420138,0.07354297851728209,0.23048687934211634,0.08460019760699727,0.10392304845413264,0.37460000000000004,-0.1265638308879837,0.4592001976069973,-0.09138819651006876,0.44814297851728213,-0.1265638308879837,0.4592001976069973,10.626,1713944841.7148592,2024-04-24_17-47-21
3,0.24552269749253383,0.20438552628732493,0.24552269749253383,0.23048687934211634,0.08460019760699727,0.19127495885650966,0.07202314537832494,0.23048687934211634,0.08460019760699727,0.10392304845413264,0.37460000000000004,-0.1265638308879837,0.4592001976069973,-0.08735191040237703,0.446623145378325,-0.1265638308879837,0.4592001976069973,10.65,1713944841.7397754,2024-04-24_17-47-21
3,0.24552269749253383,0.1993808026642868,0.24552269749253383,0.23048687934211634,0.08460019760699727,0.1865912695440919,0.07025953743784052,0.23048687934211634,0.08460019760699727,0.10392304845413264,0.37460000000000004,-0.1265638308879837,0.4592001976069973,-0.08266822108995925,0.44485953743784057,-0.1265638308879837,0.4592001976069973,10.676,1713944841.7648528,2024-04-24_17-47-21
3,0.24552269749253383,0.1944708908464789,0.24552269749253383,0.23048687934211634,0.08460019760699727,0.18199631021404594,0.06852934010404493,0.23048687934211634,0.08460019760699727,0.10392304845413264,0.37460000000000004,-0.1265638308879837,0.4592001976069973,-0.0780732617599133,0.443129340104045,-0.1265638308879837,0.4592001976069973,10.7,1713944841.7898097,2024-04-24_17-47-21
3,0.24517295525788185,0.18885713931323925,0.24517295525788185,0.23014937693900656,0.08450468794374905,0.17674265985505927,0.06655111762351607,0.23014937693900656,0.08450468794374905,0.10392304845413264,0.37460000000000004,-0.12622632848487392,0.4591046879437491,-0.07281961140092663,0.4411511176235161,-0.12622632848487392,0.4591046879437491,10.726,1713944841.8149557,2024-04-24_17-47-21
3,0.24394961452270128,0.18342185868170952,0.24394961452270128,0.2289688092684298,0.08417065289025599,0.17165603215663844,0.06463578626807387,0.2289688092684298,0.08417065289025599,0.10392304845413264,0.37460000000000004,-0.12504576081429716,0.45877065289025604,-0.0677329837025058,0.4392357862680739,-0.12504576081429716,0.45877065289025604,10.75,1713944841.839752,2024-04-24_17-47-21
3,0.24098360248646358,0.1772809403766906,0.24098360248646358,0.22610624085797612,0.08336104913224635,0.16590903080350727,0.06247179618583576,0.22610624085797612,0.08336104913224635,0.10392304845413264,0.37460000000000004,-0.12218319240384348,0.4579610491322464,-0.06198598234937464,0.4370717961858358,-0.12218319240384348,0.4579610491322464,10.776,1713944841.8648539,2024-04-24_17-47-21
3,0.23680849466285486,0.1713995495622329,0.23680849466285486,0.22207610607324915,0.08222205455855719,0.1604049092226426,0.06039926065286,0.22207610607324915,0.08222205455855719,0.10392304845413264,0.37460000000000004,-0.11815305761911651,0.45682205455855723,-0.05648186076850997,0.43499926065286004,-0.11815305761911651,0.45682205455855723,10.8,1713944841.8897552,2024-04-24_17-47-21
3,0.2310917653461902,0.16482101290246562,0.2310917653461902,0.2165566220929423,0.08066370583176302,0.1542483610962156,0.05808105881719289,0.2165566220929423,0.08066370583176302,0.10392304845413264,0.37460000000000004,-0.11263357363880966,0.45526370583176307,-0.05032531264208295,0.43268105881719293,-0.11263357363880966,0.45526370583176307,10.826,1713944841.915026,2024-04-24_17-47-21
3,0.22471644518598244,0.15857927582689346,0.22471644518598244,0.21039947151927102,0.07892745480145746,0.1484070081197585,0.05588154134169793,0.21039947151927102,0.07892745480145746,0.10392304845413264,0.37460000000000004,-0.10647642306513837,0.4535274548014575,-0.044483959665625836,0.43048154134169797,-0.10647642306513837,0.4535274548014575,10.85,1713944841.9397311,2024-04-24_17-47-21
3,0.21735485914420588,0.15165905069045163,0.21735485914420588,0.20328729771865112,0.07692469941342694,0.14193068955505794,0.05344293235550179,0.20328729771865112,0.07692469941342694,0.10392304845413264,0.37460000000000004,-0.09936424926451848,0.451524699413427,-0.03800764110092532,0.42804293235550184,-0.09936424926451848,0.451524699413427,10.876,1713944841.9656115,2024-04-24_17-47-21
3,0.21072417716906564,0.14514798593549466,0.21072417716906564,0.19687880265830654,0.07512267239263626,0.1358372852629865,0.05114850685516231,0.19687880265830654,0.07512267239263626,0.10392304845413264,0.37460000000000004,-0.09295575420417389,0.4497226723926363,-0.03191423680885387,0.42574850685516236,-0.09295575420417389,0.4497226723926363,10.9,1713944841.9897168,2024-04-24_17-47-21
3,0.20313022167119854,0.13798698478785756,0.20313022167119854,0.18953621861587588,0.07306099362166624,0.12913563556808513,0.04862505112872517,0.18953621861587588,0.07306099362166624,0.10392304845413264,0.37460000000000004,-0.08561317016174326,0.4476609936216663,-0.025212587113952495,0.4232250511287252,-0.08561317016174326,0.4476609936216663,10.926,1713944842.01492,2024-04-24_17-47-22
3,0.19526647598276656,0.131301538339284,0.19526647598276656,0.1819289911184483,0.07092840639230458,0.12287903551612929,0.046269175493932335,0.1819289911184483,0.07092840639230458,0.10392304845413264,0.37460000000000004,-0.07800594266431567,0.4455284063923046,-0.01895598706199665,0.4208691754939324,-0.07800594266431567,0.4455284063923046,10.95,1713944842.0397484,2024-04-24_17-47-22
3,0.18768830998410033,0.12400418470235443,0.18768830998410033,0.17449945320924237,0.06911470563030098,0.11604977983437963,0.04369767069407299,0.17449945320924237,0.06911470563030098,0.10392304845413264,0.37460000000000004,-0.07057640475510975,0.443714705630301,-0.012126731380246988,0.41829767069407303,-0.07057640475510975,0.443714705630301,10.976,1713944842.0649898,2024-04-24_17-47-22
3,0.17978688418323874,0.11724184542369886,0.17978688418323874,0.16655573858159295,0.06769423660739055,0.10972121933993322,0.04131469889655209,0.16655573858159295,0.06769423660739055,0.10392304845413264,0.37460000000000004,-0.06263269012746031,0.4422942366073906,-0.005798170885800577,0.41591469889655214,-0.06263269012746031,0.4422942366073906,11.0,1713944842.0896444,2024-04-24_17-47-22
3,0.17309034846829982,0.10991455114571254,0.17309034846829982,0.15971661998605596,0.06671484117576276,0.10286394359731969,0.038732643353777074,0.15971661998605596,0.06671484117576276,0.10392304845413264,0.37460000000000004,-0.05579357153192331,0.4413148411757628,0.0010591048568129452,0.4133326433537771,-0.05579357153192331,0.4413148411757628,11.026,1713944842.114975,2024-04-24_17-47-22
3,0.1672472765369409,0.10317392917111962,0.1672472765369409,0.15353311510910098,0.06632672217077767,0.09655570732306888,0.036357324488321074,0.15353311510910098,0.06632672217077767,0.10392304845413264,0.37460000000000004,-0.04961006665496833,0.4409267221707777,0.0073673411310637565,0.4109573244883211,-0.04961006665496833,0.4409267221707777,11.05,1713944842.139752,2024-04-24_17-47-22
3,0.16102779340580942,0.09592354270227933,0.16102779340580942,0.14684633780299544,0.06607649599511606,0.08977040604115896,0.03380237038672668,0.14684633780299544,0.06607649599511606,0.10392304845413264,0.37460000000000004,-0.0429232893488628,0.4406764959951161,0.014152642412973676,0.4084023703867267,-0.0429232893488628,0.4406764959951161,11.076,1713944842.1649306,2024-04-24_17-47-22
3,0.1553705601047079,0.08930293147869751,0.1553705601047079,0.14072109202041538,0.06586034624743814,0.0835744822768934,0.03146934195114626,0.14072109202041538,0.06586034624743814,0.10392304845413264,0.37460000000000004,-0.03679804356628276,0.4404603462474382,0.020348566177239236,0.4060693419511463,-0.03679804356628276,0.4404603462474382,11.1,1713944842.189729,2024-04-24_17-47-22
3,0.1489121530974066,0.08223517978016745,0.1489121530974066,0.13383066153376555,0.06530071495428019,0.0769601004275452,0.028978746274789358,0.13383066153376555,0.06530071495428019,0.10392304845413264,0.37460000000000004,-0.02990761307963292,0.43990071495428024,0.02696294802658744,0.4035787462747894,-0.02990761307963292,0.43990071495428024,11.126,1713944842.2148535,2024-04-24_17-47-22
3,0.14254258157733482,0.07583112272755461,0.14254258157733482,0.12655406911554845,0.06559310293794718,0.07096683969375309,0.02672202907719773,0.12655406911554845,0.06559310293794718,0.10392304845413264,0.37460000000000004,-0.022631020661415816,0.4401931029379472,0.03295620876037955,0.4013220290771978,-0.022631020661415816,0.4401931029379472,11.15,1713944842.2398417,2024-04-24_17-47-22
3,0.13563652466139522,0.06904906953429017,0.13563652466139522,0.11858024603512915,0.06584825033719205,0.06461982985862091,0.024332110319372713,0.11858024603512915,0.06584825033719205,0.10392304845413264,0.37460000000000004,-0.014657197580996512,0.4404482503371921,0.039303218595511724,0.39893211031937276,-0.014657197580996512,0.4404482503371921,11.176,1713944842.2649517,2024-04-24_17-47-22
3,0.12930187653066544,0.06295495222515397,0.12930187653066544,0.11153563927033786,0.06541235698939857,0.05891662739244874,0.022184612378195356,0.11153563927033786,0.06541235698939857,0.10392304845413264,0.37460000000000004,-0.007612590816205212,0.4400123569893986,0.0450064210616839,0.3967846123781954,-0.007612590816205212,0.4400123569893986,11.2,1713944842.2897496,2024-04-24_17-47-22
3,0.12249612122194099,0.056557495144566705,0.12249612122194099,0.10393275611216544,0.06483272261250178,0.05292954326715027,0.019930220936019594,0.10393275611216544,0.06483272261250178,0.10392304845413264,0.37460000000000004,-9.707658032808114e-06,0.4394327226125018,0.05099350518698237,0.39453022093601964,-9.707658032808114e-06,0.4394327226125018,11.226,1713944842.3147328,2024-04-24_17-47-22
3,0.11682896746855292,0.050862183532031396,0.11682896746855292,0.09768221263877067,0.06408738544957338,0.04759956460304829,0.0179232576069831,0.09768221263877067,0.06408738544957338,0.10392304845413264,0.37460000000000004,0.006240835815361974,0.4386873854495734,0.05632348385108435,0.39252325760698314,0.006240835815361974,0.4386873854495734,11.25,1713944842.3397353,2024-04-24_17-47-22
3,0.11066386255975696,0.04494261189417499,0.11066386255975696,0.0916492361342169,0.06202344712009589,0.042059711355869694,0.015837267584130954,0.0916492361342169,0.06202344712009589,0.10392304845413264,0.37460000000000004,0.012273812319915742,0.43662344712009593,0.061863337098262944,0.390437267584131,0.012273812319915742,0.43662344712009593,11.276,1713944842.3648498,2024-04-24_17-47-22
3,0.10442498008922531,0.03972915644627632,0.10442498008922531,0.0856012732840321,0.05980801349976067,0.037180679584827375,0.01400010491186049,0.0856012732840321,0.05980801349976067,0.10392304845413264,0.37460000000000004,0.018321775170100543,0.4344080134997607,0.06674236886930526,0.38860010491186053,0.018321775170100543,0.4344080134997607,11.3,1713944842.3896832,2024-04-24_17-47-22
3,0.0982006697011922,0.034373790935345164,0.0982006697011922,0.07988244529384567,0.057115378521361504,0.032168840750775585,0.012112934740105608,0.07988244529384567,0.057115378521361504,0.10392304845413264,0.37460000000000004,0.024040603160286972,0.43171537852136155,0.07175420770335705,0.38671293474010565,0.024040603160286972,0.43171537852136155,11.326,1713944842.414721,2024-04-24_17-47-22
3,0.09259501897764091,0.029718215572192713,0.09259501897764091,0.07487657383941485,0.0544732616018202,0.027811903142637373,0.010472362693292991,0.07487657383941485,0.0544732616018202,0.10392304845413264,0.37460000000000004,0.029046474614717793,0.42907326160182024,0.07611114531149527,0.38507236269329304,0.029046474614717793,0.42907326160182024,11.35,1713944842.4395711,2024-04-24_17-47-22
3,0.08710930807917167,0.02500514947656913,0.08710930807917167,0.069904206926865,0.05197531537141531,0.02340116261759112,0.008811531563276687,0.069904206926865,0.05197531537141531,0.10392304845413264,0.37460000000000004,0.03401884152726764,0.42657531537141535,0.08052188583654152,0.38341153156327673,0.03401884152726764,0.42657531537141535,11.376,1713944842.4649754,2024-04-24_17-47-22
3,0.08325152195798563,0.020975342970400327,0.08325152195798563,0.06634824156882677,0.05028644697177931,0.019629853133652703,0.007391473376610891,0.06634824156882677,0.05028644697177931,0.10392304845413264,0.37460000000000004,0.037574806885305866,0.42488644697177935,0.08429319532047994,0.38199147337661093,0.037574806885305866,0.42488644697177935,11.4,1713944842.4896374,2024-04-24_17-47-22
3,0.08005866375481992,0.016973303406659083,0.08005866375481992,0.06320804720525883,0.049133821454320936,0.01588452944658983,0.005981199946074822,0.06320804720525883,0.049133821454320936,0.10392304845413264,0.37460000000000004,0.04071500124887381,0.423733821454321,0.08803851900754281,0.38058119994607487,0.04071500124887381,0.423733821454321,11.426,1713944842.5148556,2024-04-24_17-47-22
3,0.07774054330767581,0.01362802941066786,0.07774054330767581,0.06106272386271063,0.04811378002442718,0.012753842271376409,0.00480236326561001,0.06106272386271063,0.04811378002442718,0.10392304845413264,0.37460000000000004,0.04286032459142201,0.4227137800244272,0.09116920618275623,0.37940236326561005,0.04286032459142201,0.4227137800244272,11.45,1713944842.5397594,2024-04-24_17-47-22
3,0.07532095736065168,0.010395375127456526,0.07532095736065168,0.058993641500901355,0.046829444585519464,0.00972855067538872,0.003663212496830548,0.058993641500901355,0.046829444585519464,0.10392304845413264,0.37460000000000004,0.044929406953231284,0.4214294445855195,0.09419449777874392,0.3782632124968306,0.044929406953231284,0.4214294445855195,11.476,1713944842.5648313,2024-04-24_17-47-22
3,0.07337532242483398,0.0077834152694054946,0.07337532242483398,0.05769736792839132,0.04533157481363498,0.007284138277608515,0.0027427874158769683,0.05769736792839132,0.04533157481363498,0.10392304845413264,0.37460000000000004,0.04622568052574132,0.419931574813635,0.09663891017652412,0.377342787415877,0.04622568052574132,0.419931574813635,11.5,1713944842.590512,2024-04-24_17-47-22
3,0.07092232030964789,0.005367285645476814,0.07092232030964789,0.056145026295628515,0.04333256904878219,0.005022994336528919,0.0018913706922070728,0.056145026295628515,0.04333256904878219,0.10392304845413264,0.37460000000000004,0.04777802215850412,0.41793256904878223,0.09890005411760372,0.3764913706922071,0.04777802215850412,0.41793256904878223,11.526,1713944842.6148806,2024-04-24_17-47-22
3,0.06783346013590844,0.00352672818171771,0.06783346013590844,0.05419836554324594,0.04079112019117115,0.0033005017532789227,0.00124277908106174,0.05419836554324594,0.04079112019117115,0.10392304845413264,0.37460000000000004,0.0497246829108867,0.4153911201911712,0.10062254670085372,0.3758427790810618,0.0497246829108867,0.4153911201911712,11.55,1713944842.6397653,2024-04-24_17-47-22
3,0.06411759020932033,0.001962355827638653,0.06411759020932033,0.051859976564214316,0.03770421998940532,0.0018364780374210687,0.0006915119755560584,0.051859976564214316,0.03770421998940532,0.10392304845413264,0.37460000000000004,0.05206307188991832,0.41230421998940536,0.10208657041671157,0.3752915119755561,0.05206307188991832,0.41230421998940536,11.576,1713944842.6657467,2024-04-24_17-47-22
3,0.06057116914724079,0.0009200402305675176,0.06057116914724079,0.049764258064523954,0.034530930354554845,0.000861023089280516,0.00032421176041064204,0.049764258064523954,0.034530930354554845,0.10392304845413264,0.37460000000000004,0.054158790389608684,0.4091309303545549,0.10306202536485212,0.3749242117604107,0.054158790389608684,0.4091309303545549,11.6,1713944842.689726,2024-04-24_17-47-22
3,0.05680215600109577,0.00023023721792031273,0.05680215600109577,0.0474956872144675,0.03115517007493762,0.00021546836111593914,8.113298881279318e-05,0.0474956872144675,0.03115517007493762,0.10392304845413264,0.37460000000000004,0.05642736123966514,0.40575517007493767,0.1037075800930167,0.37468113298881284,0.05642736123966514,0.40575517007493767,11.626,1713944842.714911,2024-04-24_17-47-22
3,0.053425490087261315,1.3627960327960936e-06,0.053425490087261315,0.04535163630579296,0.028240256292235366,1.2753777620111428e-06,4.802338921527927e-07,0.04535163630579296,0.028240256292235366,0.10392304845413264,0.37460000000000004,0.05857141214833968,0.4028402562922354,0.10392177307637063,0.3746004802338922,0.05857141214833968,0.4028402562922354,11.65,1713944842.7397192,2024-04-24_17-47-22
3,0.050453773702694486,0.0,0.050453773702694486,0.043510917166768984,0.025541796494163715,0.0,0.0,0.043510917166768984,0.025541796494163715,0.10392304845413264,0.37460000000000004,0.060412131287363655,0.40014179649416376,0.10392304845413264,0.37460000000000004,0.060412131287363655,0.40014179649416376,11.676,1713944842.764698,2024-04-24_17-47-22
3,0.04789102174321028,0.0,0.04789102174321028,0.04177011257553232,0.02342664421200774,0.0,0.0,0.04177011257553232,0.02342664421200774,0.10392304845413264,0.37460000000000004,0.06215293587860032,0.3980266442120078,0.10392304845413264,0.37460000000000004,0.06215293587860032,0.3980266442120078,11.7,1713944842.7896585,2024-04-24_17-47-22
3,0.044796070946492544,0.0,0.044796070946492544,0.03928554548634203,0.021525191940694632,0.0,0.0,0.03928554548634203,0.021525191940694632,0.10392304845413264,0.37460000000000004,0.06463750296779061,0.3961251919406947,0.10392304845413264,0.37460000000000004,0.06463750296779061,0.3961251919406947,11.726,1713944842.8149793,2024-04-24_17-47-22
3,0.041381963191210853,0.0,0.041381963191210853,0.036542659055162935,0.019419087175684857,0.0,0.0,0.036542659055162935,0.019419087175684857,0.10392304845413264,0.37460000000000004,0.0673803893989697,0.3940190871756849,0.10392304845413264,0.37460000000000004,0.0673803893989697,0.3940190871756849,11.75,1713944842.8394887,2024-04-24_17-47-22
3,0.03736730817416316,0.0,0.03736730817416316,0.033140134585028846,0.01726404355500344,0.0,0.0,0.033140134585028846,0.01726404355500344,0.10392304845413264,0.37460000000000004,0.07078291386910379,0.3918640435550035,0.10392304845413264,0.37460000000000004,0.07078291386910379,0.3918640435550035,11.776,1713944842.864849,2024-04-24_17-47-22
3,0.03425053555064606,0.0,0.03425053555064606,0.030295514911128765,0.01597751425521643,0.0,0.0,0.030295514911128765,0.01597751425521643,0.10392304845413264,0.37460000000000004,0.07362753354300387,0.3905775142552165,0.10392304845413264,0.37460000000000004,0.07362753354300387,0.3905775142552165,11.8,1713944842.8896487,2024-04-24_17-47-22
3,0.03127042423752935,0.0,0.03127042423752935,0.027309177913373783,0.015233129477909668,0.0,0.0,0.027309177913373783,0.015233129477909668,0.10392304845413264,0.37460000000000004,0.07661387054075885,0.3898331294779097,0.10392304845413264,0.37460000000000004,0.07661387054075885,0.3898331294779097,11.826,1713944842.915629,2024-04-24_17-47-22
3,0.02910658585606935,0.0,0.02910658585606935,0.02488136132932403,0.015103350575165597,0.0,0.0,0.02488136132932403,0.015103350575165597,0.10392304845413264,0.37460000000000004,0.07904168712480861,0.38970335057516564,0.10392304845413264,0.37460000000000004,0.07904168712480861,0.38970335057516564,11.85,1713944842.9395597,2024-04-24_17-47-22
3,0.027289606736447043,0.0,0.027289606736447043,0.022666762671617963,0.015196726812655492,0.0,0.0,0.022666762671617963,0.015196726812655492,0.10392304845413264,0.37460000000000004,0.08125628578251468,0.38979672681265554,0.10392304845413264,0.37460000000000004,0.08125628578251468,0.38979672681265554,11.876,1713944842.964571,2024-04-24_17-47-22
3,0.026100883527226403,0.0,0.026100883527226403,0.02121041947907948,0.015210990316982143,0.0,0.0,0.02121041947907948,0.015210990316982143,0.10392304845413264,0.37460000000000004,0.08271262897505316,0.3898109903169822,0.10392304845413264,0.37460000000000004,0.08271262897505316,0.3898109903169822,11.9,1713944842.989536,2024-04-24_17-47-22
3,0.025303563936130386,0.0,0.025303563936130386,0.019945480282299075,0.015570747065515422,0.0,0.0,0.019945480282299075,0.015570747065515422,0.10392304845413264,0.37460000000000004,0.08397756817183356,0.39017074706551547,0.10392304845413264,0.37460000000000004,0.08397756817183356,0.39017074706551547,11.926,1713944843.0147161,2024-04-24_17-47-23
3,0.02432272294407842,0.0,0.02432272294407842,0.018735571725762457,0.015510422416014635,0.0,0.0,0.018735571725762457,0.015510422416014635,0.10392304845413264,0.37460000000000004,0.08518747672837018,0.3901104224160147,0.10392304845413264,0.37460000000000004,0.08518747672837018,0.3901104224160147,11.95,1713944843.0396092,2024-04-24_17-47-23
3,0.022761257928115394,0.0,0.022761257928115394,0.017187195569010133,0.014922304478290016,0.0,0.0,0.017187195569010133,0.014922304478290016,0.10392304845413264,0.37460000000000004,0.0867358528851225,0.38952230447829006,0.10392304845413264,0.37460000000000004,0.0867358528851225,0.38952230447829006,11.976,1713944843.064676,2024-04-24_17-47-23
3,0.02133021998564872,0.0,0.02133021998564872,0.016183949979872547,0.013894533014288446,0.0,0.0,0.016183949979872547,0.013894533014288446,0.10392304845413264,0.37460000000000004,0.08773909847426009,0.3884945330142885,0.10392304845413264,0.37460000000000004,0.08773909847426009,0.3884945330142885,12.0,1713944843.0895977,2024-04-24_17-47-23
3,0.019339351994447446,0.0,0.019339351994447446,0.014596162761410722,0.012687102435447795,0.0,0.0,0.014596162761410722,0.012687102435447795,0.10392304845413264,0.37460000000000004,0.08932688569272192,0.38728710243544784,0.10392304845413264,0.37460000000000004,0.08932688569272192,0.38728710243544784,12.026,1713944843.1147013,2024-04-24_17-47-23
3,0.01742306314400407,0.0,0.01742306314400407,0.013099500425559726,0.011487655022706489,0.0,0.0,0.013099500425559726,0.011487655022706489,0.10392304845413264,0.37460000000000004,0.09082354802857291,0.38608765502270653,0.10392304845413264,0.37460000000000004,0.09082354802857291,0.38608765502270653,12.05,1713944843.1397054,2024-04-24_17-47-23
3,0.014806723267530084,0.0,0.014806723267530084,0.010867120620503823,0.010057074293284174,0.0,0.0,0.010867120620503823,0.010057074293284174,0.10392304845413264,0.37460000000000004,0.09305592783362882,0.3846570742932842,0.10392304845413264,0.37460000000000004,0.09305592783362882,0.3846570742932842,12.076,1713944843.164719,2024-04-24_17-47-23
3,0.012139972499834617,0.0,0.012139972499834617,0.00843756303426442,0.008728485684215526,0.0,0.0,0.00843756303426442,0.008728485684215526,0.10392304845413264,0.37460000000000004,0.09548548541986822,0.38332848568421557,0.10392304845413264,0.37460000000000004,0.09548548541986822,0.38332848568421557,12.1,1713944843.1895297,2024-04-24_17-47-23
3,0.009274377304072117,0.0,0.009274377304072117,0.005844923713329203,0.0072007597629451525,0.0,0.0,0.005844923713329203,0.0072007597629451525,0.10392304845413264,0.37460000000000004,0.09807812474080344,0.3818007597629452,0.10392304845413264,0.37460000000000004,0.09807812474080344,0.3818007597629452,12.126,1713944843.2146263,2024-04-24_17-47-23
3,0.007553824339629124,0.0,0.007553824339629124,0.003729668921517368,0.0065688531639732095,0.0,0.0,0.003729668921517368,0.0065688531639732095,0.10392304845413264,0.37460000000000004,0.10019337953261527,0.38116885316397325,0.10392304845413264,0.37460000000000004,0.10019337953261527,0.38116885316397325,12.15,1713944843.2394426,2024-04-24_17-47-23
3,0.007326238308551206,0.0,0.007326238308551206,0.002429145317104975,0.006911803005155037,0.0,0.0,0.002429145317104975,0.006911803005155037,0.10392304845413264,0.37460000000000004,0.10149390313702766,0.3815118030051551,0.10392304845413264,0.37460000000000004,0.10149390313702766,0.3815118030051551,12.176,1713944843.2647316,2024-04-24_17-47-23
3,0.007658917690383062,0.0,0.007658917690383062,0.001469029702499916,0.0075167128401473216,0.0,0.0,0.001469029702499916,0.0075167128401473216,0.10392304845413264,0.37460000000000004,0.10245401875163272,0.38211671284014737,0.10392304845413264,0.37460000000000004,0.10245401875163272,0.38211671284014737,12.2,1713944843.2895155,2024-04-24_17-47-23
3,0.008047658899306634,0.0,0.008047658899306634,0.0006447543115750687,0.00802178942863091,0.0,0.0,0.0006447543115750687,0.00802178942863091,0.10392304845413264,0.37460000000000004,0.10327829414255757,0.38262178942863095,0.10392304845413264,0.37460000000000004,0.10327829414255757,0.38262178942863095,12.226,1713944843.3146784,2024-04-24_17-47-23
3,0.008222236776213929,0.0,0.008222236776213929,0.00028932124189040564,0.008217144931368547,0.0,0.0,0.00028932124189040564,0.008217144931368547,0.10392304845413264,0.37460000000000004,0.10363372721224223,0.3828171449313686,0.10392304845413264,0.37460000000000004,0.10363372721224223,0.3828171449313686,12.25,1713944843.339624,2024-04-24_17-47-23
3,0.008222236776213929,0.0,0.008222236776213929,0.00028932124189040564,0.008217144931368547,0.0,0.0,0.00028932124189040564,0.008217144931368547,0.10392304845413264,0.37460000000000004,0.10363372721224223,0.3828171449313686,0.10392304845413264,0.37460000000000004,0.10363372721224223,0.3828171449313686,12.276,1713944843.3654337,2024-04-24_17-47-23
3,0.008222236776213929,0.0,0.008222236776213929,0.00028932124189040564,0.008217144931368547,0.0,0.0,0.00028932124189040564,0.008217144931368547,0.10392304845413264,0.37460000000000004,0.10363372721224223,0.3828171449313686,0.10392304845413264,0.37460000000000004,0.10363372721224223,0.3828171449313686,12.3,1713944843.3894973,2024-04-24_17-47-23
3,0.008184124131147812,0.0,0.008184124131147812,0.00016084805874956587,0.008182543351307858,0.0,0.0,0.00016084805874956587,0.008182543351307858,0.10392304845413264,0.37460000000000004,0.10376220039538307,0.3827825433513079,0.10392304845413264,0.37460000000000004,0.10376220039538307,0.3827825433513079,12.326,1713944843.4146957,2024-04-24_17-47-23
3,0.007822000307380733,0.0,0.007822000307380733,4.361105143277366e-05,0.007821878731152587,0.0,0.0,4.361105143277366e-05,0.007821878731152587,0.10392304845413264,0.37460000000000004,0.10396665950556541,0.38242187873115263,0.10392304845413264,0.37460000000000004,0.10396665950556541,0.38242187873115263,12.35,1713944843.4395022,2024-04-24_17-47-23
3,0.007303570575928714,0.0,0.007303570575928714,0.00028597147768935627,0.007297969818485128,0.0,0.0,0.00028597147768935627,0.007297969818485128,0.10392304845413264,0.37460000000000004,0.104209019931822,0.3818979698184852,0.10392304845413264,0.37460000000000004,0.104209019931822,0.3818979698184852,12.376,1713944843.4646394,2024-04-24_17-47-23
3,0.006794374987919538,0.0,0.006794374987919538,0.0005282023210778919,0.006773812352322328,0.0,0.0,0.0005282023210778919,0.006773812352322328,0.10392304845413264,0.37460000000000004,0.10445125077521053,0.38137381235232237,0.10392304845413264,0.37460000000000004,0.10445125077521053,0.38137381235232237,12.4,1713944843.4894767,2024-04-24_17-47-23
3,0.006158135429826908,0.0,0.006158135429826908,0.000680040940923915,0.006120471900985802,0.0,0.0,0.000680040940923915,0.006120471900985802,0.10392304845413264,0.37460000000000004,0.10460308939505655,0.38072047190098585,0.10392304845413264,0.37460000000000004,0.10460308939505655,0.38072047190098585,12.426,1713944843.5147192,2024-04-24_17-47-23
3,0.005685797954008854,0.0,0.005685797954008854,0.0007938674348799135,0.005630104161527427,0.0,0.0,0.0007938674348799135,0.005630104161527427,0.10392304845413264,0.37460000000000004,0.10471691588901255,0.38023010416152747,0.10392304845413264,0.37460000000000004,0.10471691588901255,0.38023010416152747,12.45,1713944843.5396926,2024-04-24_17-47-23
3,0.005218958699769314,0.0,0.005218958699769314,0.0009076486265409411,0.005139426415528892,0.0,0.0,0.0009076486265409411,0.005139426415528892,0.10392304845413264,0.37460000000000004,0.10483069708067358,0.37973942641552894,0.10392304845413264,0.37460000000000004,0.10483069708067358,0.37973942641552894,12.476,1713944843.5645356,2024-04-24_17-47-23
8,0.23418630619367747,0.23635386072292988,0.23418630619367747,0.1820789458375872,0.14727689394915905,0.18105756161651737,0.15192533317427726,0.1820789458375872,0.14727689394915905,-0.07713451316238475,0.5265253331742773,0.10494443267520247,0.37924843922511825,0.10392304845413264,0.37460000000000004,0.10494443267520247,0.37924843922511825,12.5,1713944843.5895412,2024-04-24_17-47-23
8,0.2347165243388058,0.23398941999024916,0.2347165243388058,0.1822305218578958,0.1479320239200701,0.18192586757715062,0.14715307463207916,0.1822305218578958,0.1479320239200701,-0.07713451316238475,0.5265253331742773,0.10509600869551103,0.3785933092542072,0.10479135441476588,0.37937225854219814,0.10509600869551103,0.3785933092542072,12.526,1713944843.6145656,2024-04-24_17-47-23
8,0.2351148504811363,0.2333994234883125,0.2351148504811363,0.18234414991073972,0.1484237309532972,0.18146714758251675,0.14678203307265408,0.18234414991073972,0.1484237309532972,-0.07713451316238475,0.5265253331742773,0.10520963674835496,0.3781016022209801,0.104332634420132,0.3797433001016232,0.10520963674835496,0.3781016022209801,12.55,1713944843.6394596,2024-04-24_17-47-23
8,0.23563465975968703,0.23231897957829614,0.23563465975968703,0.18258581246862984,0.148950038486849,0.1806271066280738,0.14610255515722936,0.18258581246862984,0.148950038486849,-0.07713451316238475,0.5265253331742773,0.1054512993062451,0.3775752946874283,0.10349259346568904,0.38042277801704794,0.1054512993062451,0.3775752946874283,12.576,1713944843.6645591,2024-04-24_17-47-23
8,0.23615479445760598,0.23091790110770313,0.23615479445760598,0.18282733972340043,0.14947658945459807,0.17953777354490735,0.14522143410159716,0.18282733972340043,0.14947658945459807,-0.07713451316238475,0.5265253331742773,0.10569282656101567,0.3770487437196792,0.10240326038252259,0.38130389907268014,0.10569282656101567,0.3770487437196792,12.6,1713944843.689981,2024-04-24_17-47-23
8,0.23628800350480872,0.228968287150279,0.23628800350480872,0.1828651603296667,0.14964074892185547,0.17802195624573336,0.14399534581011575,0.1828651603296667,0.14964074892185547,-0.07713451316238475,0.5265253331742773,0.10573064716728195,0.37688458425242183,0.10088744308334861,0.38252998736416155,0.10573064716728195,0.37688458425242183,12.626,1713944843.7147443,2024-04-24_17-47-23
8,0.23642127500197044,0.22677655759008483,0.23642127500197044,0.18290297564646463,0.14980494241922093,0.17631789500335143,0.14261699398737937,0.18290297564646463,0.14980494241922093,-0.07713451316238475,0.5265253331742773,0.10576846248407987,0.37672039075505637,0.09918338184096667,0.38390833918689793,0.10576846248407987,0.37672039075505637,12.65,1713944843.739656,2024-04-24_17-47-23
8,0.23642127500197044,0.2239862033469004,0.23642127500197044,0.18290297564646463,0.14980494241922093,0.17414840538899168,0.14086217444804133,0.18290297564646463,0.14980494241922093,-0.07713451316238475,0.5265253331742773,0.10576846248407987,0.37672039075505637,0.09701389222660692,0.38566315872623597,0.10576846248407987,0.37672039075505637,12.676,1713944843.7646844,2024-04-24_17-47-23
8,0.23655460888994964,0.22103578304943786,0.23655460888994964,0.182940785662784,0.14996916992555626,0.1718544650375199,0.1390066913315543,0.182940785662784,0.14996916992555626,-0.07713451316238475,0.5265253331742773,0.10580627250039923,0.37655616324872104,0.09471995187513513,0.387518641842723,0.10580627250039923,0.37655616324872104,12.7,1713944843.7894616,2024-04-24_17-47-23
8,0.2366880051096242,0.2174453781686893,0.2366880051096242,0.18297859036761083,0.15013343141970603,0.1690629391518169,0.13674872976475272,0.18297859036761083,0.15013343141970603,-0.07713451316238475,0.5265253331742773,0.10584407720522608,0.37639190175457127,0.09192842598943214,0.3897766034095246,0.10584407720522608,0.37639190175457127,12.726,1713944843.814565,2024-04-24_17-47-23
8,0.23682146360189085,0.21377929090566328,0.23682146360189085,0.18301638974992723,0.15029772688049692,0.16621257050708352,0.13444317247653748,0.18301638974992723,0.15029772688049692,-0.07713451316238475,0.5265253331742773,0.10588187658754247,0.3762276062937804,0.08907805734469877,0.3920821606977398,0.10588187658754247,0.3762276062937804,12.75,1713944843.8394892,2024-04-24_17-47-23
8,0.23695498430766512,0.20944119157539967,0.23695498430766512,0.1830541837987113,0.15046205628673776,0.16283971508341968,0.131714995046403,0.1830541837987113,0.15046205628673776,-0.07713451316238475,0.5265253331742773,0.10591967063632657,0.37606327688753954,0.08570520192103494,0.3948103381278743,0.10591967063632657,0.37606327688753954,12.776,1713944843.8645916,2024-04-24_17-47-23
8,0.23695498430766512,0.20511289715441464,0.23695498430766512,0.1830541837987113,0.15046205628673776,0.15947448293873617,0.12899298380338453,0.1830541837987113,0.15046205628673776,-0.07713451316238475,0.5265253331742773,0.10591967063632657,0.37606327688753954,0.08233996977635143,0.39753234937089277,0.10591967063632657,0.37606327688753954,12.8,1713944843.8894472,2024-04-24_17-47-23
8,0.23659315689320468,0.20009036263142013,0.23659315689320468,0.18267012721064224,0.15035939117175334,0.1555694818041975,0.12583437348016907,0.18267012721064224,0.15035939117175334,-0.07713451316238475,0.5265253331742773,0.10553561404825748,0.37616594200252396,0.07843496864181275,0.40069095969410823,0.10553561404825748,0.37616594200252396,12.826,1713944843.9146297,2024-04-24_17-47-23
8,0.2348368052080333,0.19516297733160434,0.2348368052080333,0.1813259660485582,0.14922874762214183,0.15173845882207615,0.12273560133570621,0.1813259660485582,0.14922874762214183,-0.07713451316238475,0.5265253331742773,0.10419145288617344,0.37729658555213547,0.07460394565969142,0.4037897318385711,0.10419145288617344,0.37729658555213547,12.85,1713944843.9395278,2024-04-24_17-47-23
8,0.23103289477427122,0.18952924747898695,0.23103289477427122,0.17863917608356683,0.14650680269517824,0.14735825568650096,0.11919261777049317,0.17863917608356683,0.14650680269517824,-0.07713451316238475,0.5265253331742773,0.1015046629211821,0.38001853047909906,0.0702237425241162,0.40733271540378413,0.1015046629211821,0.38001853047909906,12.876,1713944843.9645846,2024-04-24_17-47-23
8,0.22602823045723,0.1840746236735171,0.22654045622863478,0.17549853903700774,0.14243954422667376,0.14311730680873358,0.11576227180027937,0.17583582837248507,0.14283675916527916,-0.07713451316238475,0.5265253331742773,0.098364025874623,0.38408578894760353,0.06598279364634882,0.41076306137399793,0.09870131521010034,0.38368857400899814,12.9,1713944843.989548,2024-04-24_17-47-23
8,0.21945587911867473,0.1779118509585828,0.21945587911867473,0.17159516117630802,0.13680637244159077,0.13832577489719702,0.1118865796715538,0.17159516117630802,0.13680637244159077,-0.07713451316238475,0.5265253331742773,0.09446064801392326,0.3897189607326865,0.06119126173481227,0.4146387535027235,0.09446064801392326,0.3897189607326865,12.926,1713944844.014652,2024-04-24_17-47-24
8,0.21260496970265386,0.17200952934528568,0.21260496970265386,0.1675630542160352,0.13085677668374845,0.13373674270820662,0.10817468204430108,0.1675630542160352,0.13085677668374845,-0.07713451316238475,0.5265253331742773,0.09042854105365046,0.39566855649052884,0.05660222954582189,0.4183506511299762,0.09042854105365046,0.39566855649052884,12.95,1713944844.0393994,2024-04-24_17-47-24
8,0.20494000190505637,0.16540758087157387,0.20494000190505637,0.16330394349192634,0.12382336783026959,0.12860375334556912,0.10402279767059847,0.16330394349192634,0.12382336783026959,-0.07713451316238475,0.5265253331742773,0.08616943032954158,0.4027019653440077,0.05146924018318436,0.42250253550367883,0.08616943032954158,0.4027019653440077,12.976,1713944844.0645978,2024-04-24_17-47-24
8,0.19827955208009732,0.1591436305904422,0.19827955208009732,0.1595436496494536,0.11773106909230213,0.12373355626827176,0.10008347621217778,0.1595436496494536,0.11773106909230213,-0.07713451316238475,0.5265253331742773,0.08240913648706887,0.40879426408197517,0.04659904310588701,0.4264418569620995,0.08240913648706887,0.40879426408197517,13.0,1713944844.089536,2024-04-24_17-47-24
8,0.19130624022509599,0.1521987776329928,0.19130624022509599,0.15566470933904325,0.11120510696660163,0.11833395999792597,0.09571594341689604,0.15566470933904325,0.11120510696660163,-0.07713451316238475,0.5265253331742773,0.07853019617665852,0.41532022620767567,0.04119944683554122,0.43080938975738126,0.07853019617665852,0.41532022620767567,13.026,1713944844.114527,2024-04-24_17-47-24
8,0.18484384737191573,0.14566454118431305,0.18484384737191573,0.15180751670984033,0.10545959312288106,0.11325361647243735,0.09160664230475046,0.15180751670984033,0.10545959312288106,-0.07713451316238475,0.5265253331742773,0.0746730035474556,0.42106574005139624,0.03611910331005261,0.43491869086952684,0.0746730035474556,0.42106574005139624,13.05,1713944844.1396375,2024-04-24_17-47-24
8,0.17821983479820483,0.13847805533769258,0.17821983479820483,0.14748277806349902,0.10005568294790712,0.10766615156683682,0.08708714955087216,0.14748277806349902,0.10005568294790712,-0.07713451316238475,0.5265253331742773,0.07034826490111429,0.4264696502263702,0.03053163840445207,0.43943818362340514,0.07034826490111429,0.4264696502263702,13.076,1713944844.164609,2024-04-24_17-47-24
8,0.17150624821692295,0.13176881660270567,0.17150624821692295,0.14262222355412338,0.09525384257825215,0.10244974444169593,0.08286779164855712,0.14262222355412338,0.09525384257825215,-0.07713451316238475,0.5265253331742773,0.06548771039173863,0.43127149059602515,0.02531523127931118,0.4436575415257202,0.06548771039173863,0.43127149059602515,13.1,1713944844.18944,2024-04-24_17-47-24
8,0.16378619057677274,0.1244454930131147,0.16378619057677274,0.13638364117780838,0.09069409375882054,0.09675588872103952,0.07826224331744519,0.13638364117780838,0.09069409375882054,-0.07713451316238475,0.5265253331742773,0.05924912801542365,0.43583123941545676,0.01962137555865477,0.4482630898568321,0.05924912801542365,0.43583123941545676,13.126,1713944844.2145557,2024-04-24_17-47-24
8,0.15800139974168276,0.11765908780046652,0.15800139974168276,0.13120557817055134,0.08803146356424146,0.09147948495845674,0.07399435636434293,0.13120557817055134,0.08803146356424146,-0.07713451316238475,0.5265253331742773,0.054071065008166594,0.43849386961003584,0.014344971796071998,0.45253097680993437,0.054071065008166594,0.43849386961003584,13.15,1713944844.2393212,2024-04-24_17-47-24
8,0.15262189030423867,0.11030571701652986,0.15262189030423867,0.12601488278980716,0.08610279156630302,0.08576226766059815,0.06936991172145662,0.12601488278980716,0.08610279156630302,-0.07713451316238475,0.5265253331742773,0.04888036962742242,0.4404225416079743,0.008627754498213402,0.4571554214528207,0.04888036962742242,0.4404225416079743,13.176,1713944844.2644916,2024-04-24_17-47-24
8,0.14833181835644585,0.10354110639587454,0.14833181835644585,0.12126070079224488,0.08542933208391196,0.08050280910885844,0.06511573111978786,0.12126070079224488,0.08542933208391196,-0.07713451316238475,0.5265253331742773,0.044126187629860134,0.44109600109036534,0.0033682959464736983,0.46140960205448944,0.044126187629860134,0.44109600109036534,13.2,1713944844.2894115,2024-04-24_17-47-24
8,0.14384590786996387,0.09626491712197083,0.14384590786996387,0.11593156562541396,0.085155841271016,0.07484560013605254,0.060539824981362844,0.11593156562541396,0.085155841271016,-0.07713451316238475,0.5265253331742773,0.03879705246302921,0.4413694919032613,-0.002288913026332204,0.46598550819291445,0.03879705246302921,0.4413694919032613,13.226,1713944844.3146393,2024-04-24_17-47-24
8,0.13980300610565566,0.0896207443487341,0.13980300610565566,0.11083366309150885,0.08521020855446781,0.0696797815441096,0.05636138626388032,0.11083366309150885,0.08521020855446781,-0.07713451316238475,0.5265253331742773,0.03369914992912411,0.4413151246198095,-0.0074547316182751455,0.470163946910397,0.03369914992912411,0.4413151246198095,13.25,1713944844.3393168,2024-04-24_17-47-24
8,0.13489039776649298,0.0825278398090283,0.13489039776649298,0.10503238609636324,0.08463815499233884,0.0641650757421051,0.05190074564545821,0.10503238609636324,0.08463815499233884,-0.07713451316238475,0.5265253331742773,0.027897872933978496,0.44188717818193846,-0.012969437420279645,0.4746245875288191,0.027897872933978496,0.44188717818193846,13.276,1713944844.3645318,2024-04-24_17-47-24
8,0.13030086468325686,0.07610099188361799,0.13030086468325686,0.0994911986657111,0.08414164679434566,0.05916822637743982,0.04785897985768739,0.0994911986657111,0.08414164679434566,-0.07713451316238475,0.5265253331742773,0.02235668550332635,0.44238368637993164,-0.017966286784944926,0.4786663533165899,0.02235668550332635,0.44238368637993164,13.3,1713944844.389331,2024-04-24_17-47-24
8,0.12457771080921258,0.069294802598129,0.12457771080921258,0.0931385045277746,0.08273345758998296,0.05387644057486596,0.04357865094397256,0.0931385045277746,0.08273345758998296,-0.07713451316238475,0.5265253331742773,0.016003991365389852,0.44379187558429434,-0.023258072587518788,0.48294668223030474,0.016003991365389852,0.44379187558429434,13.326,1713944844.4148262,2024-04-24_17-47-24
8,0.11895931938259403,0.06317899743529881,0.11895931938259403,0.08724706286166403,0.08086575103208316,0.04912142575313996,0.039732496132363126,0.08724706286166403,0.08086575103208316,-0.07713451316238475,0.5265253331742773,0.010112549699279286,0.44565958214219414,-0.028013087409244783,0.4867928370419142,0.010112549699279286,0.44565958214219414,13.35,1713944844.4393232,2024-04-24_17-47-24
8,0.11219867618364054,0.05675877297001261,0.11219867618364054,0.08111104728548918,0.07752122899962671,0.04412972610306215,0.03569489575737894,0.08111104728548918,0.07752122899962671,-0.07713451316238475,0.5265253331742773,0.003976534123104435,0.4490041041746506,-0.033004787059322596,0.49083043741689836,0.003976534123104435,0.4490041041746506,13.376,1713944844.4644754,2024-04-24_17-47-24
8,0.10558610065480047,0.05104319278063033,0.10558610065480047,0.07542226221676021,0.0738911835985317,0.03968588464773706,0.03210043751987035,0.07542226221676021,0.0738911835985317,-0.07713451316238475,0.5265253331742773,-0.0017122509456245379,0.4526341495757456,-0.03744862851464768,0.49442489565440695,-0.0017122509456245379,0.4526341495757456,13.4,1713944844.489352,2024-04-24_17-47-24
8,0.09898360505752225,0.045102554465337265,0.09898360505752225,0.07003937859718941,0.06994454600541139,0.0350670613713821,0.02836444298896834,0.07003937859718941,0.06994454600541139,-0.07713451316238475,0.5265253331742773,-0.007095134565195338,0.4565807871688659,-0.042067451791002644,0.49816089018530896,-0.007095134565195338,0.4565807871688659,13.426,1713944844.514613,2024-04-24_17-47-24
8,0.0926600486633754,0.03987054527893001,0.0926600486633754,0.06505028515210148,0.06598746108109771,0.03099919449753616,0.02507409662067872,0.06505028515210148,0.06598746108109771,-0.07713451316238475,0.5265253331742773,-0.01208422801028327,0.4605378720931796,-0.04613531866484859,0.5014512365535986,-0.01208422801028327,0.4605378720931796,13.45,1713944844.539303,2024-04-24_17-47-24
8,0.08714166163013519,0.034496120997419416,0.08714166163013519,0.060615197294079506,0.06260564709881045,0.02682060043895751,0.021694187146846344,0.060615197294079506,0.06260564709881045,-0.07713451316238475,0.5265253331742773,-0.016519315868305236,0.46391968607546685,-0.05031391272342724,0.504831146027431,-0.016519315868305236,0.46391968607546685,13.476,1713944844.5644994,2024-04-24_17-47-24
8,0.08178636378145791,0.029823977289383595,0.08178636378145791,0.05678431973714569,0.058860430958179166,0.023188026805649797,0.018755933307040062,0.05678431973714569,0.058860430958179166,-0.07713451316238475,0.5265253331742773,-0.02035019342523905,0.46766490221609813,-0.05394648635673495,0.5077693998672372,-0.02035019342523905,0.46766490221609813,13.5,1713944844.589342,2024-04-24_17-47-24
8,0.07654892356773185,0.025094138249829527,0.07654892356773185,0.05274576090208394,0.055476322933650235,0.019510595275595954,0.015781395581299207,0.05274576090208394,0.055476322933650235,-0.07713451316238475,0.5265253331742773,-0.02438875226030081,0.47104901024062706,-0.05762391788678879,0.5107439375929781,-0.02438875226030081,0.47104901024062706,13.526,1713944844.61452,2024-04-24_17-47-24
8,0.07128469595476385,0.021049990396179608,0.07128469595476385,0.04821691145075281,0.052503688703874785,0.01636628598624351,0.013238080627332005,0.04821691145075281,0.052503688703874785,-0.07713451316238475,0.5265253331742773,-0.028917601711631935,0.4740216444704025,-0.060768227176141235,0.5132872525469453,-0.028917601711631935,0.4740216444704025,13.55,1713944844.6395514,2024-04-24_17-47-24
8,0.066026254274223,0.017033708302448634,0.066026254274223,0.04342648916454882,0.04973536259368855,0.013243642217277252,0.010712290107799505,0.04342648916454882,0.04973536259368855,-0.07713451316238475,0.5265253331742773,-0.03370802399783593,0.47678997058058875,-0.0638908709451075,0.5158130430664778,-0.03370802399783593,0.47678997058058875,13.576,1713944844.6644757,2024-04-24_17-47-24
8,0.06120387427223341,0.013676529085518713,0.06120387427223341,0.038964696265669285,0.0471981638504666,0.010633448381686728,0.008601001298746747,0.038964696265669285,0.0471981638504666,-0.07713451316238475,0.5265253331742773,-0.03816981689671546,0.4793271693238107,-0.06650106478069802,0.5179243318755306,-0.03816981689671546,0.4793271693238107,13.6,1713944844.689336,2024-04-24_17-47-24
8,0.05643961863815609,0.010432370374417166,0.05643961863815609,0.03398952429814536,0.04505710587694556,0.00811112755154103,0.006560789698782377,0.03398952429814536,0.04505710587694556,-0.07713451316238475,0.5265253331742773,-0.043144988864239384,0.48146822729733174,-0.06902338561084372,0.5199645434754949,-0.043144988864239384,0.48146822729733174,13.626,1713944844.7144184,2024-04-24_17-47-24
8,0.05243720602389517,0.007811115026899421,0.05243720602389517,0.029536982165129975,0.04332698074144126,0.006073111673480014,0.004912314379688532,0.029536982165129975,0.04332698074144126,-0.07713451316238475,0.5265253331742773,-0.04759753099725477,0.48319835243283604,-0.07106140148890473,0.5216130187945888,-0.04759753099725477,0.48319835243283604,13.65,1713944844.7395473,2024-04-24_17-47-24
8,0.048737244478324816,0.005386386837644312,0.048737244478324816,0.024984894085651174,0.04184583691203697,0.0041878948996301735,0.0033874325785762105,0.024984894085651174,0.04184583691203697,-0.07713451316238475,0.5265253331742773,-0.05214961907673357,0.48467949626224033,-0.07294661826275457,0.5231379005957011,-0.05214961907673357,0.48467949626224033,13.676,1713944844.7645192,2024-04-24_17-47-24
8,0.04645039998769536,0.003539279165058491,0.04645039998769536,0.02180371857634216,0.041015088873005756,0.00275177583981287,0.002225809231636733,0.02180371857634216,0.041015088873005756,-0.07713451316238475,0.5265253331742773,-0.055330794586042585,0.48551024430127154,-0.07438273732257188,0.5242995239426406,-0.055330794586042585,0.48551024430127154,13.7,1713944844.7892933,2024-04-24_17-47-24
8,0.04458826210647538,0.0019693394946615358,0.04458826210647538,0.018858789227705383,0.04040370263404991,0.00153115382796018,0.0012384934397713376,0.018858789227705383,0.04040370263404991,-0.07713451316238475,0.5265253331742773,-0.05827572393467936,0.4861216305402274,-0.07560335933442457,0.525286839734506,-0.05827572393467936,0.4861216305402274,13.726,1713944844.8144453,2024-04-24_17-47-24
8,0.043202934163870846,0.0009233144861981649,0.043202934163870846,0.016671065810997657,0.03985685744126277,0.0007178734361371897,0.0005806611491325775,0.016671065810997657,0.03985685744126277,-0.07713451316238475,0.5265253331742773,-0.06046344735138709,0.4866684757330145,-0.07641663972624756,0.5259446720251447,-0.06046344735138709,0.4866684757330145,13.75,1713944844.839308,2024-04-24_17-47-24
8,0.0419555512873273,0.00023105659025006458,0.0419555512873273,0.01461153052887619,0.03932901549018575,0.00017964560381580896,0.0001453086540011972,0.01461153052887619,0.03932901549018575,-0.07713451316238475,0.5265253331742773,-0.06252298263350856,0.48719631768409155,-0.07695486755856894,0.5263800245202761,-0.06252298263350856,0.48719631768409155,13.776,1713944844.8643656,2024-04-24_17-47-24
8,0.04076092548615432,1.3676459756666019e-06,0.04076092548615432,0.013206782026795372,0.03856207923575361,1.0633394479098168e-06,8.600957698279288e-07,0.013206782026795372,0.03856207923575361,-0.07713451316238475,0.5265253331742773,-0.06392773113558937,0.4879632539385237,-0.07713344982293684,0.5265244730785075,-0.06392773113558937,0.4879632539385237,13.8,1713944844.8891628,2024-04-24_17-47-24
8,0.03872064816121353,0.0,0.03872064816121353,0.01088163054155615,0.03716017640945157,0.0,0.0,0.01088163054155615,0.03716017640945157,-0.07713451316238475,0.5265253331742773,-0.0662528826208286,0.4893651567648257,-0.07713451316238475,0.5265253331742773,-0.0662528826208286,0.4893651567648257,13.826,1713944844.9144814,2024-04-24_17-47-24
8,0.03653081859918235,0.0,0.03653081859918235,0.00806220055227258,0.035630066373518066,0.0,0.0,0.00806220055227258,0.035630066373518066,-0.07713451316238475,0.5265253331742773,-0.06907231261011217,0.49089526680075923,-0.07713451316238475,0.5265253331742773,-0.06907231261011217,0.49089526680075923,13.85,1713944844.939363,2024-04-24_17-47-24
8,0.03435985550553658,0.0,0.03435985550553658,0.005202217205931128,0.033963754305195215,0.0,0.0,0.005202217205931128,0.033963754305195215,-0.07713451316238475,0.5265253331742773,-0.07193229595645362,0.4925615788690821,-0.07713451316238475,0.5265253331742773,-0.07193229595645362,0.4925615788690821,13.876,1713944844.9644103,2024-04-24_17-47-24
8,0.032440683915374365,0.0,0.032440683915374365,0.0025008302735796267,0.03234414662407986,0.0,0.0,0.0025008302735796267,0.03234414662407986,-0.07713451316238475,0.5265253331742773,-0.07463368288880512,0.49418118655019744,-0.07713451316238475,0.5265253331742773,-0.07463368288880512,0.49418118655019744,13.9,1713944844.9893684,2024-04-24_17-47-24
8,0.029673266913879785,0.0,0.029673266913879785,0.0003104781353961139,0.029671642567774936,0.0,0.0,0.0003104781353961139,0.029671642567774936,-0.07713451316238475,0.5265253331742773,-0.07744499129778086,0.49685369060650236,-0.07713451316238475,0.5265253331742773,-0.07744499129778086,0.49685369060650236,13.926,1713944845.0145223,2024-04-24_17-47-25
8,0.027033105418784793,0.0,0.027033105418784793,0.0024064262003189035,0.02692578506795207,0.0,0.0,0.0024064262003189035,0.02692578506795207,-0.07713451316238475,0.5265253331742773,-0.07954093936270365,0.49959954810632523,-0.07713451316238475,0.5265253331742773,-0.07954093936270365,0.49959954810632523,13.95,1713944845.0393128,2024-04-24_17-47-25
8,0.024196500029298237,0.0,0.024196500029298237,0.004237320002533129,0.023822588710380788,0.0,0.0,0.004237320002533129,0.023822588710380788,-0.07713451316238475,0.5265253331742773,-0.08137183316491788,0.5027027444638965,-0.07713451316238475,0.5265253331742773,-0.08137183316491788,0.5027027444638965,13.976,1713944845.0645547,2024-04-24_17-47-25
8,0.021330510948691296,0.0,0.021330510948691296,0.005848672509963279,0.020513013606085262,0.0,0.0,0.005848672509963279,0.020513013606085262,-0.07713451316238475,0.5265253331742773,-0.08298318567234803,0.506012319568192,-0.07713451316238475,0.5265253331742773,-0.08298318567234803,0.506012319568192,14.0,1713944845.089219,2024-04-24_17-47-25
8,0.019312688926847225,0.0,0.019312688926847225,0.0077128248482323525,0.017705713384262634,0.0,0.0,0.0077128248482323525,0.017705713384262634,-0.07713451316238475,0.5265253331742773,-0.0848473380106171,0.5088196197900147,-0.07713451316238475,0.5265253331742773,-0.0848473380106171,0.5088196197900147,14.026,1713944845.1144953,2024-04-24_17-47-25
8,0.01821233959948441,0.0,0.01821233959948441,0.009732807818007658,0.015393562474770972,0.0,0.0,0.009732807818007658,0.015393562474770972,-0.07713451316238475,0.5265253331742773,-0.0868673209803924,0.5111317706995063,-0.07713451316238475,0.5265253331742773,-0.0868673209803924,0.5111317706995063,14.05,1713944845.139348,2024-04-24_17-47-25
8,0.016757444393928355,0.0,0.016757444393928355,0.011329860799276129,0.012346910418587598,0.0,0.0,0.011329860799276129,0.012346910418587598,-0.07713451316238475,0.5265253331742773,-0.08846437396166087,0.5141784227556897,-0.07713451316238475,0.5265253331742773,-0.08846437396166087,0.5141784227556897,14.076,1713944845.1643422,2024-04-24_17-47-25
8,0.015267272078133933,0.0,0.015267272078133933,0.012309837579603314,0.009030918860866488,0.0,0.0,0.012309837579603314,0.009030918860866488,-0.07713451316238475,0.5265253331742773,-0.08944435074198806,0.5174944143134108,-0.07713451316238475,0.5265253331742773,-0.08944435074198806,0.5174944143134108,14.1,1713944845.1892817,2024-04-24_17-47-25
8,0.014339473073547831,0.0,0.014339473073547831,0.013064322966206271,0.005911341088252198,0.0,0.0,0.013064322966206271,0.005911341088252198,-0.07713451316238475,0.5265253331742773,-0.09019883612859102,0.5206139920860251,-0.07713451316238475,0.5265253331742773,-0.09019883612859102,0.5206139920860251,14.126,1713944845.21444,2024-04-24_17-47-25
8,0.013433360829715309,0.0,0.013433360829715309,0.01306325821715694,0.0031315280508421584,0.0,0.0,0.01306325821715694,0.0031315280508421584,-0.07713451316238475,0.5265253331742773,-0.09019777137954169,0.5233938051234351,-0.07713451316238475,0.5265253331742773,-0.09019777137954169,0.5233938051234351,14.15,1713944845.2391949,2024-04-24_17-47-25
8,0.012939141760496644,0.0,0.012939141760496644,0.01292156626028014,0.0006741771869606117,0.0,0.0,0.01292156626028014,0.0006741771869606117,-0.07713451316238475,0.5265253331742773,-0.09005607942266489,0.5258511559873167,-0.07713451316238475,0.5265253331742773,-0.09005607942266489,0.5258511559873167,14.176,1713944845.2642457,2024-04-24_17-47-25
8,0.011999878202708243,0.0,0.011999878202708243,0.011952019256067606,0.0010706598817652457,0.0,0.0,0.011952019256067606,0.0010706598817652457,-0.07713451316238475,0.5265253331742773,-0.08908653241845235,0.5275959930560425,-0.07713451316238475,0.5265253331742773,-0.08908653241845235,0.5275959930560425,14.2,1713944845.2892544,2024-04-24_17-47-25
8,0.011092864846469317,0.0,0.011092864846469317,0.010638323268037056,0.0031428853855615113,0.0,0.0,0.010638323268037056,0.0031428853855615113,-0.07713451316238475,0.5265253331742773,-0.0877728364304218,0.5296682185598388,-0.07713451316238475,0.5265253331742773,-0.0877728364304218,0.5296682185598388,14.226,1713944845.3144662,2024-04-24_17-47-25
8,0.0106337121282689,0.0,0.0106337121282689,0.009204059913661952,0.005325515442904494,0.0,0.0,0.009204059913661952,0.005325515442904494,-0.07713451316238475,0.5265253331742773,-0.0863385730760467,0.5318508486171818,-0.07713451316238475,0.5265253331742773,-0.0863385730760467,0.5318508486171818,14.25,1713944845.3395832,2024-04-24_17-47-25
8,0.010734620288810936,0.0,0.010734620288810936,0.008188452857514059,0.006941276002668473,0.0,0.0,0.008188452857514059,0.006941276002668473,-0.07713451316238475,0.5265253331742773,-0.0853229660198988,0.5334666091769458,-0.07713451316238475,0.5265253331742773,-0.0853229660198988,0.5334666091769458,14.276,1713944845.3642335,2024-04-24_17-47-25
8,0.011273674896577253,0.0,0.011273674896577253,0.007315248606409544,0.00857804660165351,0.0,0.0,0.007315248606409544,0.00857804660165351,-0.07713451316238475,0.5265253331742773,-0.08444976176879429,0.5351033797759308,-0.07713451316238475,0.5265253331742773,-0.08444976176879429,0.5351033797759308,14.3,1713944845.3892496,2024-04-24_17-47-25
8,0.011725974118219145,0.0,0.011725974118219145,0.006229124034430669,0.009934610348917738,0.0,0.0,0.006229124034430669,0.009934610348917738,-0.07713451316238475,0.5265253331742773,-0.08336363719681542,0.536459943523195,-0.07713451316238475,0.5265253331742773,-0.08336363719681542,0.536459943523195,14.326,1713944845.414318,2024-04-24_17-47-25
8,0.01233808877058123,0.0,0.01233808877058123,0.004592190386806777,0.011451647128778553,0.0,0.0,0.004592190386806777,0.011451647128778553,-0.07713451316238475,0.5265253331742773,-0.08172670354919152,0.5379769803030559,-0.07713451316238475,0.5265253331742773,-0.08172670354919152,0.5379769803030559,14.35,1713944845.4392982,2024-04-24_17-47-25
8,0.013171926340355038,0.0,0.013171926340355038,0.0033075930028109574,0.012749881256054696,0.0,0.0,0.0033075930028109574,0.012749881256054696,-0.07713451316238475,0.5265253331742773,-0.0804421061651957,0.539275214430332,-0.07713451316238475,0.5265253331742773,-0.0804421061651957,0.539275214430332,14.376,1713944845.4642544,2024-04-24_17-47-25
8,0.013764271986179103,0.0,0.013764271986179103,0.002316590502960167,0.013567925108545875,0.0,0.0,0.002316590502960167,0.013567925108545875,-0.07713451316238475,0.5265253331742773,-0.07945110366534491,0.5400932582828232,-0.07713451316238475,0.5265253331742773,-0.07945110366534491,0.5400932582828232,14.4,1713944845.489136,2024-04-24_17-47-25
8,0.013797672642678345,0.0,0.013797672642678345,0.001294321321928596,0.013736830153645907,0.0,0.0,0.001294321321928596,0.013736830153645907,-0.07713451316238475,0.5265253331742773,-0.07842883448431334,0.5402621633279232,-0.07713451316238475,0.5265253331742773,-0.07842883448431334,0.5402621633279232,14.426,1713944845.5143998,2024-04-24_17-47-25
8,0.013524643456872655,0.0,0.013524643456872655,0.00016752812968524877,0.013523605841686326,0.0,0.0,0.00016752812968524877,0.013523605841686326,-0.07713451316238475,0.5265253331742773,-0.0769669850326995,0.5400489390159636,-0.07713451316238475,0.5265253331742773,-0.0769669850326995,0.5400489390159636,14.45,1713944845.539332,2024-04-24_17-47-25
8,0.013207937572999177,0.0,0.013207937572999177,0.002349705360235113,0.012997249695698154,0.0,0.0,0.002349705360235113,0.012997249695698154,-0.07713451316238475,0.5265253331742773,-0.07478480780214963,0.5395225828699755,-0.07713451316238475,0.5265253331742773,-0.07478480780214963,0.5395225828699755,14.476,1713944845.5642097,2024-04-24_17-47-25
8,0.013332749792329115,0.0,0.013332749792329115,0.005028209566691685,0.012348251923988363,0.0,0.0,0.005028209566691685,0.012348251923988363,-0.07713451316238475,0.5265253331742773,-0.07210630359569306,0.5388735850982657,-0.07713451316238475,0.5265253331742773,-0.07210630359569306,0.5388735850982657,14.5,1713944845.589451,2024-04-24_17-47-25
8,0.013557443454524799,0.0,0.013557443454524799,0.00785904729856994,0.011047155678339915,0.0,0.0,0.00785904729856994,0.011047155678339915,-0.07713451316238475,0.5265253331742773,-0.0692754658638148,0.5375724888526172,-0.07713451316238475,0.5265253331742773,-0.0692754658638148,0.5375724888526172,14.526,1713944845.6144087,2024-04-24_17-47-25
8,0.013979969450479636,0.0,0.013979969450479636,0.010281429700176467,0.009472684369104312,0.0,0.0,0.010281429700176467,0.009472684369104312,-0.07713451316238475,0.5265253331742773,-0.06685308346220828,0.5359980175433816,-0.07713451316238475,0.5265253331742773,-0.06685308346220828,0.5359980175433816,14.55,1713944845.6392546,2024-04-24_17-47-25
8,0.01543827110329167,0.0,0.01543827110329167,0.013364352082099407,0.007728797324578762,0.0,0.0,0.013364352082099407,0.007728797324578762,-0.07713451316238475,0.5265253331742773,-0.06377016108028534,0.5342541304988561,-0.07713451316238475,0.5265253331742773,-0.06377016108028534,0.5342541304988561,14.576,1713944845.6644533,2024-04-24_17-47-25
8,0.016637040694299332,0.0,0.016637040694299332,0.015481012381398804,0.0060933881142389845,0.0,0.0,0.015481012381398804,0.0060933881142389845,-0.07713451316238475,0.5265253331742773,-0.06165350078098594,0.5326187212885163,-0.07713451316238475,0.5265253331742773,-0.06165350078098594,0.5326187212885163,14.6,1713944845.6893082,2024-04-24_17-47-25
8,0.017101110605881365,0.0,0.017101110605881365,0.016504961211388308,0.00447596239541348,0.0,0.0,0.016504961211388308,0.00447596239541348,-0.07713451316238475,0.5265253331742773,-0.06062955195099644,0.5310012955696908,-0.07713451316238475,0.5265253331742773,-0.06062955195099644,0.5310012955696908,14.626,1713944845.7142737,2024-04-24_17-47-25
8,0.01697724224626773,0.0,0.01697724224626773,0.01665256315746913,0.0033043750657211213,0.0,0.0,0.01665256315746913,0.0033043750657211213,-0.07713451316238475,0.5265253331742773,-0.060481950004915616,0.5298297082399984,-0.07713451316238475,0.5265253331742773,-0.060481950004915616,0.5298297082399984,14.65,1713944845.7392123,2024-04-24_17-47-25
8,0.016789391426941358,0.0,0.016789391426941358,0.01665096832539696,0.002151492113320219,0.0,0.0,0.01665096832539696,0.002151492113320219,-0.07713451316238475,0.5265253331742773,-0.060483544836987785,0.5286768252875975,-0.07713451316238475,0.5265253331742773,-0.060483544836987785,0.5286768252875975,14.676,1713944845.7643428,2024-04-24_17-47-25
8,0.0165069204516654,0.0,0.0165069204516654,0.016466697642849845,0.0011516473143167172,0.0,0.0,0.016466697642849845,0.0011516473143167172,-0.07713451316238475,0.5265253331742773,-0.0606678155195349,0.527676980488594,-0.07713451316238475,0.5265253331742773,-0.0606678155195349,0.527676980488594,14.7,1713944845.7893326,2024-04-24_17-47-25
8,0.016133894999356354,0.0,0.016133894999356354,0.016132968416726512,0.00017291013608466965,0.0,0.0,0.016132968416726512,0.00017291013608466965,-0.07713451316238475,0.5265253331742773,-0.061001544745658234,0.526698243310362,-0.07713451316238475,0.5265253331742773,-0.061001544745658234,0.526698243310362,14.726,1713944845.8143334,2024-04-24_17-47-25
8,0.015536161115621812,0.0,0.015536161115621812,0.015483857322633097,0.001273760033483784,0.0,0.0,0.015483857322633097,0.001273760033483784,-0.07713451316238475,0.5265253331742773,-0.06165065583975165,0.5252515731407935,-0.07713451316238475,0.5265253331742773,-0.06165065583975165,0.5252515731407935,14.75,1713944845.8391368,2024-04-24_17-47-25
8,0.015219742232289024,0.0,0.015219742232289024,0.01491955033646128,0.0030079181131008603,0.0,0.0,0.01491955033646128,0.0030079181131008603,-0.07713451316238475,0.5265253331742773,-0.06221496282592347,0.5235174150611764,-0.07713451316238475,0.5265253331742773,-0.06221496282592347,0.5235174150611764,14.776,1713944845.8643425,2024-04-24_17-47-25
8,0.015579406042281963,0.0,0.015579406042281963,0.014836786174030558,0.004752648593825071,0.0,0.0,0.014836786174030558,0.004752648593825071,-0.07713451316238475,0.5265253331742773,-0.06229772698835419,0.5217726845804522,-0.07713451316238475,0.5265253331742773,-0.06229772698835419,0.5217726845804522,14.8,1713944845.889304,2024-04-24_17-47-25
8,0.015801912468018885,0.0,0.015801912468018885,0.014260714303751351,0.0068067955157851134,0.0,0.0,0.014260714303751351,0.0068067955157851134,-0.07713451316238475,0.5265253331742773,-0.0628737988586334,0.5197185376584922,-0.07713451316238475,0.5265253331742773,-0.0628737988586334,0.5197185376584922,14.826,1713944845.9144166,2024-04-24_17-47-25
8,0.015583872373194158,0.0,0.015619745294192926,0.013012616099755736,0.008574899438732908,0.0,0.0,0.013127513693052775,0.00846432674783848,-0.07713451316238475,0.5265253331742773,-0.06412189706262901,0.5179504337355444,-0.07713451316238475,0.5265253331742773,-0.06400699946933197,0.5180610064264388,14.85,1713944845.939117,2024-04-24_17-47-25
8,0.015354282243531676,0.0,0.015354282243531676,0.012094803563719808,0.009458842950861523,0.0,0.0,0.012094803563719808,0.009458842950861523,-0.07713451316238475,0.5265253331742773,-0.06503970959866494,0.5170664902234158,-0.07713451316238475,0.5265253331742773,-0.06503970959866494,0.5170664902234158,14.876,1713944845.9642193,2024-04-24_17-47-25
8,0.015294984965738324,0.0,0.015294984965738324,0.011751251488635372,0.009790028271307816,0.0,0.0,0.011751251488635372,0.009790028271307816,-0.07713451316238475,0.5265253331742773,-0.06538326167374937,0.5167353049029695,-0.07713451316238475,0.5265253331742773,-0.06538326167374937,0.5167353049029695,14.9,1713944845.989297,2024-04-24_17-47-25
8,0.015263700900856533,0.0,0.015263700900856533,0.011522407134369653,0.010010729195250256,0.0,0.0,0.011522407134369653,0.010010729195250256,-0.07713451316238475,0.5265253331742773,-0.0656121060280151,0.516514603979027,-0.07713451316238475,0.5265253331742773,-0.0656121060280151,0.516514603979027,14.926,1713944846.0143719,2024-04-24_17-47-26
8,0.015099306219925617,0.0,0.015099306219925617,0.011242969460425453,0.01007892286085299,0.0,0.0,0.011242969460425453,0.01007892286085299,-0.07713451316238475,0.5265253331742773,-0.0658915437019593,0.5164464103134243,-0.07713451316238475,0.5265253331742773,-0.0658915437019593,0.5164464103134243,14.95,1713944846.0392177,2024-04-24_17-47-26
8,0.01492407858087476,0.0,0.01492407858087476,0.010735021621446031,0.01036761458944202,0.0,0.0,0.010735021621446031,0.01036761458944202,-0.07713451316238475,0.5265253331742773,-0.06639949154093872,0.5161577185848353,-0.07713451316238475,0.5265253331742773,-0.06639949154093872,0.5161577185848353,14.976,1713944846.0642157,2024-04-24_17-47-26
8,0.014771325891268557,0.0,0.014771325891268557,0.010113322515648906,0.010766279593273143,0.0,0.0,0.010113322515648906,0.010766279593273143,-0.07713451316238475,0.5265253331742773,-0.06702119064673584,0.5157590535810042,-0.07713451316238475,0.5265253331742773,-0.06702119064673584,0.5157590535810042,15.0,1713944846.089178,2024-04-24_17-47-26
8,0.014377445681346213,0.0,0.014377445681346213,0.009161891578990264,0.011080193455661691,0.0,0.0,0.009161891578990264,0.011080193455661691,-0.07713451316238475,0.5265253331742773,-0.06797262158339448,0.5154451397186156,-0.07713451316238475,0.5265253331742773,-0.06797262158339448,0.5154451397186156,15.026,1713944846.1143947,2024-04-24_17-47-26
8,0.013737084114930118,0.0,0.013737084114930118,0.008107796074152199,0.011089234545297866,0.0,0.0,0.008107796074152199,0.011089234545297866,-0.07713451316238475,0.5265253331742773,-0.06902671708823255,0.5154360986289794,-0.07713451316238475,0.5265253331742773,-0.06902671708823255,0.5154360986289794,15.05,1713944846.139183,2024-04-24_17-47-26
8,0.013089798165196138,0.0,0.013089798165196138,0.007280644058921815,0.010878190938426235,0.0,0.0,0.007280644058921815,0.010878190938426235,-0.07713451316238475,0.5265253331742773,-0.06985386910346293,0.5156471422358511,-0.07713451316238475,0.5265253331742773,-0.06985386910346293,0.5156471422358511,15.076,1713944846.1642606,2024-04-24_17-47-26
8,0.012467001074764276,0.0,0.012467001074764276,0.006452710923854174,0.010667175705468934,0.0,0.0,0.006452710923854174,0.010667175705468934,-0.07713451316238475,0.5265253331742773,-0.07068180223853057,0.5158581574688084,-0.07713451316238475,0.5265253331742773,-0.07068180223853057,0.5158581574688084,15.1,1713944846.1891143,2024-04-24_17-47-26
8,0.011989074770961259,0.0,0.011989074770961259,0.0057898040096191344,0.010498384799286886,0.0,0.0,0.0057898040096191344,0.010498384799286886,-0.07713451316238475,0.5265253331742773,-0.07134470915276561,0.5160269483749904,-0.07713451316238475,0.5265253331742773,-0.07134470915276561,0.5160269483749904,15.126,1713944846.2142634,2024-04-24_17-47-26
8,0.011623094754371253,0.0,0.011623094754371253,0.005424961840719542,0.010279402740229093,0.0,0.0,0.005424961840719542,0.010279402740229093,-0.07713451316238475,0.5265253331742773,-0.0717095513216652,0.5162459304340482,-0.07713451316238475,0.5265253331742773,-0.0717095513216652,0.5162459304340482,15.15,1713944846.2393904,2024-04-24_17-47-26
8,0.011396471672068587,0.0,0.011396471672068587,0.005093210059008604,0.010195036923281608,0.0,0.0,0.005093210059008604,0.010195036923281608,-0.07713451316238475,0.5265253331742773,-0.07204130310337614,0.5163302962509957,-0.07713451316238475,0.5265253331742773,-0.07204130310337614,0.5163302962509957,15.176,1713944846.2642357,2024-04-24_17-47-26
8,0.011285328897769011,0.0,0.011285328897769011,0.004927287751816889,0.01015285594015869,0.0,0.0,0.004927287751816889,0.01015285594015869,-0.07713451316238475,0.5265253331742773,-0.07220722541056786,0.5163724772341186,-0.07713451316238475,0.5265253331742773,-0.07220722541056786,0.5163724772341186,15.2,1713944846.28998,2024-04-24_17-47-26
8,0.010931506704435712,0.0,0.010931506704435712,0.004562195038083222,0.009933992916426493,0.0,0.0,0.004562195038083222,0.009933992916426493,-0.07713451316238475,0.5265253331742773,-0.07257231812430152,0.5165913402578508,-0.07713451316238475,0.5265253331742773,-0.07257231812430152,0.5165913402578508,15.226,1713944846.3148706,2024-04-24_17-47-26
8,0.01044654276219316,0.0,0.01044654276219316,0.004163911341156845,0.00958081927735388,0.0,0.0,0.004163911341156845,0.00958081927735388,-0.07713451316238475,0.5265253331742773,-0.0729706018212279,0.5169445138969234,-0.07713451316238475,0.5265253331742773,-0.0729706018212279,0.5169445138969234,15.25,1713944846.339257,2024-04-24_17-47-26
8,0.009767005421069723,0.0,0.009767005421069723,0.0034333744163680124,0.009143649983033852,0.0,0.0,0.0034333744163680124,0.009143649983033852,-0.07713451316238475,0.5265253331742773,-0.07370113874601673,0.5173816831912434,-0.07713451316238475,0.5265253331742773,-0.07370113874601673,0.5173816831912434,15.276,1713944846.3642733,2024-04-24_17-47-26
8,0.009162653210837425,0.0,0.009162653210837425,0.0030019953501793373,0.008656918492140897,0.0,0.0,0.0030019953501793373,0.008656918492140897,-0.07713451316238475,0.5265253331742773,-0.07413251781220541,0.5178684146821364,-0.07713451316238475,0.5265253331742773,-0.07413251781220541,0.5178684146821364,15.3,1713944846.3891842,2024-04-24_17-47-26
8,0.00842796520755821,0.0,0.00842796520755821,0.0025378203591516213,0.00803679447071326,0.0,0.0,0.0025378203591516213,0.00803679447071326,-0.07713451316238475,0.5265253331742773,-0.07459669280323313,0.518488538703564,-0.07713451316238475,0.5265253331742773,-0.07459669280323313,0.518488538703564,15.326,1713944846.4143016,2024-04-24_17-47-26
8,0.007702019774360416,0.0,0.007702019774360416,0.002073900992027672,0.007417549681660751,0.0,0.0,0.002073900992027672,0.007417549681660751,-0.07713451316238475,0.5265253331742773,-0.07506061217035707,0.5191077834926165,-0.07713451316238475,0.5265253331742773,-0.07506061217035707,0.5191077834926165,15.35,1713944846.439205,2024-04-24_17-47-26
8,0.00734305302152984,0.0,0.00734305302152984,0.0018420376816355166,0.0071082575119668645,0.0,0.0,0.0018420376816355166,0.0071082575119668645,-0.07713451316238475,0.5265253331742773,-0.07529247548074923,0.5194170756623104,-0.07713451316238475,0.5265253331742773,-0.07529247548074923,0.5194170756623104,15.376,1713944846.4642715,2024-04-24_17-47-26
8,0.007068068819909023,0.0,0.007068068819909023,0.0017765313711301661,0.006841164603366923,0.0,0.0,0.0017765313711301661,0.006841164603366923,-0.07713451316238475,0.5265253331742773,-0.07535798179125458,0.5196841685709104,-0.07713451316238475,0.5265253331742773,-0.07535798179125458,0.5196841685709104,15.4,1713944846.4892085,2024-04-24_17-47-26
8,0.006930650391030697,0.0,0.006930650391030697,0.001743804571297622,0.006707686669770396,0.0,0.0,0.001743804571297622,0.006707686669770396,-0.07713451316238475,0.5265253331742773,-0.07539070859108712,0.5198176465045069,-0.07713451316238475,0.5265253331742773,-0.07539070859108712,0.5198176465045069,15.426,1713944846.5144415,2024-04-24_17-47-26
8,0.006849842694938823,0.0,0.006849842694938823,0.001577518339546044,0.006665716828204049,0.0,0.0,0.001577518339546044,0.006665716828204049,-0.07713451316238475,0.5265253331742773,-0.0755569948228387,0.5198596163460732,-0.07713451316238475,0.5265253331742773,-0.0755569948228387,0.5198596163460732,15.45,1713944846.5390806,2024-04-24_17-47-26
8,0.00677241012384251,0.0,0.00677241012384251,0.001411201539677373,0.006623748870536739,0.0,0.0,0.001411201539677373,0.006623748870536739,-0.07713451316238475,0.5265253331742773,-0.07572331162270737,0.5199015843037406,-0.07713451316238475,0.5265253331742773,-0.07572331162270737,0.5199015843037406,15.476,1713944846.5641646,2024-04-24_17-47-26
8,0.006491219502373367,0.0,0.006491219502373367,0.001045792138371207,0.006406422514267485,0.0,0.0,0.001045792138371207,0.006406422514267485,-0.07713451316238475,0.5265253331742773,-0.07608872102401354,0.5201189106600098,-0.07713451316238475,0.5265253331742773,-0.07608872102401354,0.5201189106600098,15.5,1713944846.5889878,2024-04-24_17-47-26
8,0.005954508204745692,0.0,0.005954508204745692,0.000615048387858988,0.005922658477489295,0.0,0.0,0.000615048387858988,0.005922658477489295,-0.07713451316238475,0.5265253331742773,-0.07651946477452576,0.520602674696788,-0.07713451316238475,0.5265253331742773,-0.07651946477452576,0.520602674696788,15.526,1713944846.6142178,2024-04-24_17-47-26
8,0.00522576256177062,0.0,0.00522576256177062,0.0001811075737813278,0.0052226233253722665,0.0,0.0,0.0001811075737813278,0.0052226233253722665,-0.07713451316238475,0.5265253331742773,-0.07731562073616607,0.521302709848905,-0.07713451316238475,0.5265253331742773,-0.07731562073616607,0.521302709848905,15.55,1713944846.6391888,2024-04-24_17-47-26
4,0.2326842007865142,0.23635386072292988,0.2326842007865142,0.1190893226672987,0.19989915087939436,0.11817693036146501,0.2046884476685863,0.1190893226672987,0.19989915087939436,0.041042417199080264,0.321836885505691,-0.07804690546821844,0.5217360363850854,-0.07713451316238475,0.5265253331742773,-0.07804690546821844,0.5217360363850854,15.576,1713944846.6641622,2024-04-24_17-47-26
4,0.23331872639870324,0.23251981547545206,0.23331872639870324,0.119519890380326,0.20038119645263075,0.11900518917097765,0.1997579273498754,0.119519890380326,0.20038119645263075,0.041042417199080264,0.321836885505691,-0.07847747318124573,0.5222180819583218,-0.07796277197189738,0.5215948128555664,-0.07847747318124573,0.5222180819583218,15.6,1713944846.6904113,2024-04-24_17-47-26
4,0.23395279923100787,0.23190236526253968,0.23395279923100787,0.11995034144704116,0.20086270896998903,0.11868917404237,0.19922747546335162,0.11995034144704116,0.20086270896998903,0.041042417199080264,0.321836885505691,-0.07890792424796089,0.52269959447568,-0.07764675684328974,0.5210643609690426,-0.07890792424796089,0.52269959447568,15.626,1713944846.7143512,2024-04-24_17-47-26
4,0.23458641765339278,0.23092753562583027,0.23458641765339278,0.1203806748978547,0.20134368740685427,0.11819024974600897,0.19838999867734042,0.1203806748978547,0.20134368740685427,0.041042417199080264,0.321836885505691,-0.07933825769877444,0.5231805729125453,-0.07714783254692871,0.5202268841830314,-0.07933825769877444,0.5231805729125453,15.65,1713944846.7390006,2024-04-24_17-47-26
4,0.23522816515515835,0.22943675973141012,0.23522816515515835,0.12067629145538991,0.20191464127902226,0.1174272607209049,0.1971092721198915,0.12067629145538991,0.20191464127902226,0.041042417199080264,0.321836885505691,-0.07963387425630965,0.5237515267847133,-0.07638484352182463,0.5189461576255825,-0.07963387425630965,0.5237515267847133,15.676,1713944846.7640839,2024-04-24_17-47-26
4,0.2358606247667946,0.2276643421065884,0.2358606247667946,0.1211062794003377,0.20239442533130703,0.11652012558362386,0.19558658696547226,0.1211062794003377,0.20239442533130703,0.041042417199080264,0.321836885505691,-0.08006386220125744,0.524231310836998,-0.0754777083845436,0.5174234724711633,-0.08006386220125744,0.524231310836998,15.7,1713944846.7892854,2024-04-24_17-47-26
4,0.23599040573038257,0.22532197940013624,0.23599040573038257,0.12113837880861571,0.20252645451004891,0.11532128876011102,0.19357426161425106,0.12113837880861571,0.20252645451004891,0.041042417199080264,0.321836885505691,-0.08009596160953544,0.5243633400157399,-0.07427887156103076,0.5154111471199421,-0.08009596160953544,0.5243633400157399,15.726,1713944846.8142712,2024-04-24_17-47-26
4,0.23599040573038257,0.22277781962730905,0.23599040573038257,0.12113837880861571,0.20252645451004891,0.11401917085490197,0.19138857226976358,0.12113837880861571,0.20252645451004891,0.041042417199080264,0.321836885505691,-0.08009596160953544,0.5243633400157399,-0.07297675365582171,0.5132254577754546,-0.08009596160953544,0.5243633400157399,15.75,1713944846.8392158,2024-04-24_17-47-26
4,0.23599040573038257,0.21961802703162636,0.23599040573038257,0.12113837880861571,0.20252645451004891,0.11240196797341262,0.1886739923597529,0.12113837880861571,0.20252645451004891,0.041042417199080264,0.321836885505691,-0.08009596160953544,0.5243633400157399,-0.07135955077433236,0.5105108778654439,-0.08009596160953544,0.5243633400157399,15.776,1713944846.864295,2024-04-24_17-47-26
4,0.23599040573038257,0.21633922468923042,0.23599040573038257,0.12113837880861571,0.20252645451004891,0.11072385511144768,0.1858571710975836,0.12113837880861571,0.20252645451004891,0.041042417199080264,0.321836885505691,-0.08009596160953544,0.5243633400157399,-0.06968143791236742,0.5076940566032746,-0.08009596160953544,0.5243633400157399,15.8,1713944846.8891542,2024-04-24_17-47-26
4,0.23599040573038257,0.2124080790955955,0.23599040573038257,0.12113837880861571,0.20252645451004891,0.10871186863161764,0.18247992131657298,0.12113837880861571,0.20252645451004891,0.041042417199080264,0.321836885505691,-0.08009596160953544,0.5243633400157399,-0.06766945143253737,0.504316806822264,-0.08009596160953544,0.5243633400157399,15.826,1713944846.9141827,2024-04-24_17-47-26
4,0.2358606247667946,0.20844244650500285,0.2358606247667946,0.1211062794003377,0.20239442533130703,0.10668223147720533,0.1790730437336534,0.1211062794003377,0.20239442533130703,0.041042417199080264,0.321836885505691,-0.08006386220125744,0.524231310836998,-0.06563981427812507,0.5009099292393444,-0.08006386220125744,0.524231310836998,15.85,1713944846.9391308,2024-04-24_17-47-26
4,0.23522816515515835,0.20379727286833976,0.23522816515515835,0.12067629145538991,0.20191464127902226,0.10430480069250954,0.17508237198835408,0.12067629145538991,0.20191464127902226,0.041042417199080264,0.321836885505691,-0.07963387425630965,0.5237515267847133,-0.06326238349342928,0.4969192574940451,-0.07963387425630965,0.5237515267847133,15.876,1713944846.9640388,2024-04-24_17-47-26
4,0.23372893561593436,0.19920263788254816,0.23372893561593436,0.11934837495792033,0.2009606447518052,0.10195323592570604,0.17113511803146347,0.11934837495792033,0.2009606447518052,0.041042417199080264,0.321836885505691,-0.07830595775884007,0.5227975302574962,-0.06091081872662577,0.4929720035371545,-0.07830595775884007,0.5227975302574962,15.9,1713944846.989062,2024-04-24_17-47-26
4,0.23113675313602658,0.19391117329449964,0.23113675313602658,0.11665829752003978,0.19953706490271517,0.09924502913049325,0.16658921730213216,0.11665829752003978,0.19953706490271517,0.041042417199080264,0.321836885505691,-0.07561588032095952,0.5213739504084062,-0.05820261193141299,0.48842610280782317,-0.07561588032095952,0.5213739504084062,15.926,1713944847.0141363,2024-04-24_17-47-27
4,0.22804012717988298,0.18875453603781875,0.22804012717988298,0.11370935615215542,0.19766760464901545,0.09660582786086122,0.16215914682240368,0.11370935615215542,0.19766760464901545,0.041042417199080264,0.321836885505691,-0.07266693895307516,0.5195044901547065,-0.055563410661780964,0.4839960323280947,-0.07266693895307516,0.5195044901547065,15.95,1713944847.0391319,2024-04-24_17-47-27
4,0.22395621385883785,0.1828939419674191,0.22395621385883785,0.11062877840642225,0.1947245724460276,0.09360633680855623,0.15712430657815102,0.11062877840642225,0.1947245724460276,0.041042417199080264,0.321836885505691,-0.06958636120734199,0.5165614579517186,-0.05256391960947597,0.478961192083842,-0.06958636120734199,0.5165614579517186,15.976,1713944847.063998,2024-04-24_17-47-27
4,0.21989449968678468,0.1772504978227873,0.21989449968678468,0.10829938219629252,0.19137616050177908,0.09071798453357065,0.1522760199788291,0.10829938219629252,0.19137616050177908,0.041042417199080264,0.321836885505691,-0.06725696499721226,0.5132130460074701,-0.049675567334490384,0.4741129054845201,-0.06725696499721226,0.5132130460074701,16.0,1713944847.0890882,2024-04-24_17-47-27
4,0.214700999390652,0.1709062349284914,0.214700999390652,0.10625022001685074,0.18656744058306518,0.0874709485579817,0.14682565952788912,0.10625022001685074,0.18656744058306518,0.041042417199080264,0.321836885505691,-0.06520780281777047,0.5084043260887562,-0.04642853135890143,0.4686625450335801,-0.06520780281777047,0.5084043260887562,16.026,1713944847.1140978,2024-04-24_17-47-27
4,0.20984806244978468,0.16485827801946684,0.20984806244978468,0.10454671791067181,0.1819510733357601,0.0843755639578147,0.1416298557449825,0.10454671791067181,0.1819510733357601,0.041042417199080264,0.321836885505691,-0.06350430071159155,0.5037879588414511,-0.04333314675873444,0.4634667412506735,-0.06350430071159155,0.5037879588414511,16.05,1713944847.1389146,2024-04-24_17-47-27
4,0.20393285920844775,0.15812285994030945,0.20393285920844775,0.1021682590946261,0.17649435656276924,0.08092833215515412,0.13584345361587274,0.1021682590946261,0.17649435656276924,0.041042417199080264,0.321836885505691,-0.06112584189554583,0.49833124206846025,-0.039885914956073854,0.45768033912156375,-0.06112584189554583,0.49833124206846025,16.076,1713944847.1640992,2024-04-24_17-47-27
4,0.19742357250548,0.15175858309743875,0.19742357250548,0.09990973484879054,0.17027657461691814,0.07767105290747528,0.13037589916846748,0.09990973484879054,0.17027657461691814,0.041042417199080264,0.321836885505691,-0.05886731764971028,0.49211346012260915,-0.03662863570839501,0.4522127846741585,-0.05886731764971028,0.49211346012260915,16.1,1713944847.189038,2024-04-24_17-47-27
4,0.19065906740626914,0.14473022739585453,0.19065906740626914,0.09746724824249431,0.16386279475300142,0.07407389367991582,0.12433783413407318,0.09746724824249431,0.16386279475300142,0.041042417199080264,0.321836885505691,-0.056424831043414045,0.4856996802586924,-0.03303147648083556,0.4461747196397642,-0.056424831043414045,0.4856996802586924,16.126,1713944847.2140236,2024-04-24_17-47-27
4,0.18446727457540946,0.13814243610660998,0.18446727457540946,0.09519287165184984,0.15800788770170288,0.07070221825091033,0.1186782582778727,0.09519287165184984,0.15800788770170288,0.041042417199080264,0.321836885505691,-0.05415045445276957,0.4798447732073939,-0.029659801051830074,0.4405151437835637,-0.05415045445276957,0.4798447732073939,16.15,1713944847.2389593,2024-04-24_17-47-27
4,0.17817261097540113,0.1309236320352069,0.17817261097540113,0.09326034846643799,0.15181563393046904,0.06700758628008702,0.11247657892293378,0.09326034846643799,0.15181563393046904,0.041042417199080264,0.321836885505691,-0.05221793126735773,0.47365251943616005,-0.02596516908100676,0.4343134644286248,-0.05221793126735773,0.47365251943616005,16.176,1713944847.2640605,2024-04-24_17-47-27
4,0.17305934451741428,0.12420839113099973,0.17305934451741428,0.09152963822489674,0.14687362612537558,0.06357068128986165,0.10670751101817644,0.09152963822489674,0.14687362612537558,0.041042417199080264,0.321836885505691,-0.05048722102581647,0.4687105116310666,-0.022528264090781396,0.42854439652386744,-0.05048722102581647,0.4687105116310666,16.2,1713944847.2890534,2024-04-24_17-47-27
4,0.1682156964956611,0.11690440510846994,0.1682156964956611,0.09014244570081795,0.1420241529832002,0.05983245262949572,0.1004326517926536,0.09014244570081795,0.1420241529832002,0.041042417199080264,0.321836885505691,-0.04910002850173768,0.4638610384888912,-0.018790035430415457,0.4222695372983446,-0.04910002850173768,0.4638610384888912,16.226,1713944847.3141181,2024-04-24_17-47-27
4,0.1642223332541292,0.11015963792308911,0.1642223332541292,0.08894289374386312,0.13805120930979975,0.056380435892044,0.09463821784020032,0.08894289374386312,0.13805120930979975,0.041042417199080264,0.321836885505691,-0.047900476544782855,0.45988809481549076,-0.015338018692963737,0.41647510334589133,-0.047900476544782855,0.45988809481549076,16.25,1713944847.3390005,2024-04-24_17-47-27
4,0.1600559286371201,0.10287697851278521,0.1600559286371201,0.08753897864190133,0.1339956249667265,0.052653122333761404,0.08838168032135407,0.08753897864190133,0.1339956249667265,0.041042417199080264,0.321836885505691,-0.04649656144282106,0.4558325104724175,-0.01161070513468114,0.4102185658270451,-0.04649656144282106,0.4558325104724175,16.276,1713944847.3639467,2024-04-24_17-47-27
4,0.15512780273573862,0.09620103893968662,0.15512780273573862,0.08619652935194425,0.12897594159104886,0.0492363320263801,0.08264637621616061,0.08619652935194425,0.12897594159104886,0.041042417199080264,0.321836885505691,-0.04515411215286398,0.45081282709673987,-0.008193914827299836,0.4044832617218516,-0.04515411215286398,0.45081282709673987,16.3,1713944847.3897953,2024-04-24_17-47-27
4,0.14882485540878598,0.08904590371493165,0.14882485540878598,0.0839512401305153,0.12288623547002575,0.04557428619503981,0.07649939480951129,0.0839512401305153,0.12288623547002575,0.041042417199080264,0.321836885505691,-0.04290882293143504,0.44472312097571676,-0.004531868995959545,0.3983362803152023,-0.04290882293143504,0.44472312097571676,16.326,1713944847.4141293,2024-04-24_17-47-27
4,0.14336885593396786,0.08253614198599782,0.14336885593396786,0.0816235373460549,0.11786529176535393,0.04224254681435227,0.07090685420021148,0.0816235373460549,0.11786529176535393,0.041042417199080264,0.321836885505691,-0.04058112014697463,0.43970217727104494,-0.0012001296152720081,0.3927437397059025,-0.04058112014697463,0.43970217727104494,16.35,1713944847.4389925,2024-04-24_17-47-27
4,0.1377233836067092,0.07561286893032998,0.1377233836067092,0.07892644910828968,0.11286428143233507,0.03869916958438427,0.0649590657364646,0.07892644910828968,0.11286428143233507,0.041042417199080264,0.321836885505691,-0.037884031909209415,0.4347011669380261,0.002343247614695995,0.3867959512421556,-0.037884031909209415,0.4347011669380261,16.376,1713944847.4640715,2024-04-24_17-47-27
4,0.13282691529331353,0.06936421203027544,0.13282691529331353,0.07648422122888852,0.1085962859832118,0.03550106539298456,0.05959084045844665,0.07648422122888852,0.1085962859832118,0.041042417199080264,0.321836885505691,-0.03544180402980826,0.4304331714889028,0.005541351806095704,0.38142772596413765,-0.03544180402980826,0.4304331714889028,16.4,1713944847.4890645,2024-04-24_17-47-27
4,0.12757794504449407,0.06277375805469973,0.12757794504449407,0.07348901155299814,0.10428565214227342,0.032128027183392444,0.053928977086657004,0.07348901155299814,0.10428565214227342,0.041042417199080264,0.321836885505691,-0.03244659435391787,0.42612253764796443,0.00891439001568782,0.375765862592348,-0.03244659435391787,0.42612253764796443,16.426,1713944847.5141015,2024-04-24_17-47-27
4,0.12269981597067192,0.056877325471877245,0.12269981597067192,0.07080942605038318,0.10020613764461772,0.02911019374189469,0.048863347952665004,0.07080942605038318,0.10020613764461772,0.041042417199080264,0.321836885505691,-0.029767008851302915,0.4220430231503087,0.011932223457185573,0.370700233458356,-0.029767008851302915,0.4220430231503087,16.45,1713944847.5388727,2024-04-24_17-47-27
4,0.1168601919301293,0.05071579423576731,0.1168601919301293,0.06749760199933368,0.09539590233488127,0.02595668104519483,0.04356997239019911,0.06749760199933368,0.09539590233488127,0.041042417199080264,0.321836885505691,-0.026455184800253415,0.4172327878405723,0.015085736153885435,0.3654068578958901,-0.026455184800253415,0.4172327878405723,16.476,1713944847.5646832,2024-04-24_17-47-27
4,0.11193332378143762,0.04525756923484438,0.11193332378143762,0.06433591305759886,0.09159672081360354,0.023163125160745188,0.03888080767981017,0.06433591305759886,0.09159672081360354,0.041042417199080264,0.321836885505691,-0.0232934958585186,0.41343360631929454,0.017879292038335076,0.3607176931855012,-0.0232934958585186,0.41343360631929454,16.5,1713944847.589143,2024-04-24_17-47-27
4,0.1075059352664804,0.03961480973818279,0.1075059352664804,0.0611108270932037,0.0884476847040398,0.02027512329314765,0.03403310926201253,0.0611108270932037,0.0884476847040398,0.041042417199080264,0.321836885505691,-0.02006840989412344,0.4102845702097308,0.020767293905932613,0.35586999476770353,-0.02006840989412344,0.4102845702097308,16.526,1713944847.6141558,2024-04-24_17-47-27
4,0.10362286586942081,0.03467438553052508,0.10362286586942081,0.058882366143380306,0.08526760984306336,0.017746581301081366,0.029788787555783403,0.058882366143380306,0.08526760984306336,0.041042417199080264,0.321836885505691,-0.017839948944300042,0.40710449534875437,0.0232958358979989,0.3516256730614744,-0.017839948944300042,0.40710449534875437,16.55,1713944847.6391604,2024-04-24_17-47-27
4,0.09937219089136348,0.02963268191316099,0.09937219089136348,0.05620206320330015,0.08195218370636526,0.015166203833029579,0.02545745664165172,0.05620206320330015,0.08195218370636526,0.041042417199080264,0.321836885505691,-0.015159646004219884,0.40378906921205626,0.025876213366050685,0.3472943421473427,-0.015159646004219884,0.40378906921205626,16.576,1713944847.664099,2024-04-24_17-47-27
4,0.0952039072066595,0.025282101008582587,0.0952039072066595,0.053784535592566164,0.0785557615869531,0.012939547569371657,0.021719869707439332,0.053784535592566164,0.0785557615869531,0.041042417199080264,0.321836885505691,-0.012742118393485902,0.4003926470926441,0.028102869629708607,0.34355675521313034,-0.012742118393485902,0.4003926470926441,16.6,1713944847.6889079,2024-04-24_17-47-27
4,0.09036923338336551,0.02091497266218496,0.09036923338336551,0.05083811396796435,0.07471334894433157,0.010704422214853862,0.0179680668550094,0.05083811396796435,0.07471334894433157,0.041042417199080264,0.321836885505691,-0.009795696768884091,0.3965502344500226,0.030337994984226402,0.3398049523607004,-0.009795696768884091,0.3965502344500226,16.626,1713944847.714082,2024-04-24_17-47-27
4,0.08548140765820517,0.017217676326929682,0.08548140765820517,0.04753006639288787,0.07104902422916115,0.008812121341921705,0.014791717126627413,0.04753006639288787,0.07104902422916115,0.041042417199080264,0.321836885505691,-0.006487649193807606,0.39288590973485216,0.03223029585715856,0.3366286026323184,-0.006487649193807606,0.39288590973485216,16.65,1713944847.738973,2024-04-24_17-47-27
4,0.07971610217615976,0.01358880581670558,0.07971610217615976,0.04340881291658189,0.06686054073467501,0.006954841261670702,0.011674152069811927,0.04340881291658189,0.06686054073467501,0.041042417199080264,0.321836885505691,-0.0023663957175016287,0.388697426240366,0.03408757593740956,0.33351103757550293,-0.0023663957175016287,0.388697426240366,16.676,1713944847.7639027,2024-04-24_17-47-27
4,0.07450785347997717,0.010598708956927737,0.07450785347997717,0.03968053663267196,0.06306247095330886,0.005424489787282161,0.009105357878816833,0.03968053663267196,0.06306247095330886,0.041042417199080264,0.321836885505691,0.001361880566408305,0.38489935645899986,0.0356179274117981,0.33094224338450784,0.001361880566408305,0.38489935645899986,16.7,1713944847.7889578,2024-04-24_17-47-27
4,0.06931435624795744,0.007761013386421009,0.06931435624795744,0.036785420100016494,0.0587478752818692,0.003972138307098527,0.006667491736289333,0.036785420100016494,0.0587478752818692,0.041042417199080264,0.321836885505691,0.004256997099063768,0.3805847607875602,0.03707027889198174,0.32850437724198034,0.004256997099063768,0.3805847607875602,16.726,1713944847.8139994,2024-04-24_17-47-27
4,0.06486875227232909,0.005521718347447837,0.06486875227232909,0.03456031768116844,0.05489571443332819,0.0028260522018015433,0.004743711886406543,0.03456031768116844,0.05489571443332819,0.041042417199080264,0.321836885505691,0.006482099517911821,0.3767325999390192,0.03821636499727872,0.32658059739209755,0.006482099517911821,0.3767325999390192,16.75,1713944847.839137,2024-04-24_17-47-27
4,0.06027622205142819,0.0035165777080104345,0.06027622205142819,0.03264763462838045,0.05066907240087243,0.0017998078766771064,0.0030210942361215687,0.03264763462838045,0.05066907240087243,0.041042417199080264,0.321836885505691,0.008394782570699817,0.37250595790656343,0.03924260932240316,0.3248579797418126,0.008394782570699817,0.37250595790656343,16.776,1713944847.8639314,2024-04-24_17-47-27
4,0.05614577334513393,0.002060738453963487,0.05614577334513393,0.030857378299201724,0.0469059705050765,0.0010546996566480754,0.0017703817695373658,0.030857378299201724,0.0469059705050765,0.041042417199080264,0.321836885505691,0.010185038899878538,0.3687428560107675,0.03998771754243219,0.32360726727522837,0.010185038899878538,0.3687428560107675,16.8,1713944847.888917,2024-04-24_17-47-27
4,0.05225468989312418,0.0009173922113018733,0.05225468989312418,0.028901483655842268,0.043534547870830775,0.00046952743974408573,0.0007881322558331849,0.028901483655842268,0.043534547870830775,0.041042417199080264,0.321836885505691,0.012140933543237996,0.3653714333765218,0.04057288975933618,0.3226250177615242,0.012140933543237996,0.3653714333765218,16.826,1713944847.9140358,2024-04-24_17-47-27
4,0.04925931464827607,0.00026623815676961115,0.04925931464827607,0.027301241221983092,0.04100149152600374,0.00013626246066862635,0.0002287253766695141,0.027301241221983092,0.04100149152600374,0.041042417199080264,0.321836885505691,0.013741175977097172,0.36283837703169475,0.04090615473841164,0.3220656108823605,0.013741175977097172,0.36283837703169475,16.85,1713944847.9388225,2024-04-24_17-47-27
4,0.04605779079960922,1.3588736932484362e-06,0.04605779079960922,0.025762504989946172,0.038178703880351494,6.954806006376213e-07,1.1674092891267307e-06,0.025762504989946172,0.038178703880351494,0.041042417199080264,0.321836885505691,0.01527991220913409,0.3600155893860425,0.041041721718479626,0.32183805291498013,0.01527991220913409,0.3600155893860425,16.876,1713944847.9639893,2024-04-24_17-47-27
4,0.04305646695935896,0.0,0.04305646695935896,0.024164811658603604,0.03563595409872711,0.0,0.0,0.024164811658603604,0.03563595409872711,0.041042417199080264,0.321836885505691,0.01687760554047666,0.3574728396044181,0.041042417199080264,0.321836885505691,0.01687760554047666,0.3574728396044181,16.9,1713944847.9889212,2024-04-24_17-47-27
4,0.03964667288836398,0.0,0.03964667288836398,0.02268677401648011,0.03251413470849407,0.0,0.0,0.02268677401648011,0.03251413470849407,0.041042417199080264,0.321836885505691,0.018355643182600155,0.3543510202141851,0.041042417199080264,0.321836885505691,0.018355643182600155,0.3543510202141851,16.926,1713944848.0141191,2024-04-24_17-47-28
4,0.036053047202534445,0.0,0.036053047202534445,0.020821529661510664,0.029432738831835004,0.0,0.0,0.020821529661510664,0.029432738831835004,0.041042417199080264,0.321836885505691,0.0202208875375696,0.351269624337526,0.041042417199080264,0.321836885505691,0.0202208875375696,0.351269624337526,16.95,1713944848.0388825,2024-04-24_17-47-28
4,0.03327383245329913,0.0,0.03327383245329913,0.0195138905900249,0.02695099256373984,0.0,0.0,0.0195138905900249,0.02695099256373984,0.041042417199080264,0.321836885505691,0.021528526609055364,0.34878787806943085,0.041042417199080264,0.321836885505691,0.021528526609055364,0.34878787806943085,16.976,1713944848.063905,2024-04-24_17-47-28
4,0.030400230554062206,0.0,0.030400230554062206,0.017958304321377377,0.024529030222186443,0.0,0.0,0.017958304321377377,0.024529030222186443,0.041042417199080264,0.321836885505691,0.023084112877702886,0.34636591572787745,0.041042417199080264,0.321836885505691,0.023084112877702886,0.34636591572787745,17.0,1713944848.0887742,2024-04-24_17-47-28
4,0.027581509393905145,0.0,0.027581509393905145,0.01675197250392492,0.021911437143049772,0.0,0.0,0.01675197250392492,0.021911437143049772,0.041042417199080264,0.321836885505691,0.024290444695155344,0.3437483226487408,0.041042417199080264,0.321836885505691,0.024290444695155344,0.3437483226487408,17.026,1713944848.1138031,2024-04-24_17-47-28
4,0.02520193914507392,0.0,0.02520193914507392,0.015772737272417674,0.01965600406001422,0.0,0.0,0.015772737272417674,0.01965600406001422,0.041042417199080264,0.321836885505691,0.02526967992666259,0.3414928895657052,0.041042417199080264,0.321836885505691,0.02526967992666259,0.3414928895657052,17.05,1713944848.138943,2024-04-24_17-47-28
4,0.022893223691013254,0.0,0.022893223691013254,0.015133005498280956,0.017178237265673357,0.0,0.0,0.015133005498280956,0.017178237265673357,0.041042417199080264,0.321836885505691,0.025909411700799308,0.33901512277136436,0.041042417199080264,0.321836885505691,0.025909411700799308,0.33901512277136436,17.076,1713944848.1639376,2024-04-24_17-47-28
4,0.020786443103811524,0.0,0.020786443103811524,0.014534533414875525,0.014860133085536631,0.0,0.0,0.014534533414875525,0.014860133085536631,0.041042417199080264,0.321836885505691,0.02650788378420474,0.33669701859122764,0.041042417199080264,0.321836885505691,0.02650788378420474,0.33669701859122764,17.1,1713944848.1889277,2024-04-24_17-47-28
4,0.018601494683204604,0.0,0.018601494683204604,0.013891847018502806,0.012370618046961268,0.0,0.0,0.013891847018502806,0.012370618046961268,0.041042417199080264,0.321836885505691,0.027150570180577458,0.3342075035526523,0.041042417199080264,0.321836885505691,0.027150570180577458,0.3342075035526523,17.126,1713944848.2139766,2024-04-24_17-47-28
4,0.017064646559149136,0.0,0.017064646559149136,0.013419592873933253,0.010541190126667876,0.0,0.0,0.013419592873933253,0.010541190126667876,0.041042417199080264,0.321836885505691,0.02762282432514701,0.3323780756323589,0.041042417199080264,0.321836885505691,0.02762282432514701,0.3323780756323589,17.15,1713944848.2388165,2024-04-24_17-47-28
4,0.015732155136544624,0.0,0.015732155136544624,0.01298958162893472,0.008875329534476395,0.0,0.0,0.01298958162893472,0.008875329534476395,0.041042417199080264,0.321836885505691,0.028052835570145544,0.3307122150401674,0.041042417199080264,0.321836885505691,0.028052835570145544,0.3307122150401674,17.176,1713944848.2639623,2024-04-24_17-47-28
4,0.014722839790599587,0.0,0.014722839790599587,0.012645104886096263,0.007540778071213006,0.0,0.0,0.012645104886096263,0.007540778071213006,0.041042417199080264,0.321836885505691,0.028397312312984,0.329377663576904,0.041042417199080264,0.321836885505691,0.028397312312984,0.329377663576904,17.2,1713944848.2888525,2024-04-24_17-47-28
4,0.013408202950846515,0.0,0.013408202950846515,0.01207291165747585,0.005833070416330743,0.0,0.0,0.01207291165747585,0.005833070416330743,0.041042417199080264,0.321836885505691,0.028969505541604414,0.32766995592202175,0.041042417199080264,0.321836885505691,0.028969505541604414,0.32766995592202175,17.226,1713944848.313994,2024-04-24_17-47-28
4,0.012226683741536636,0.0,0.012226683741536636,0.011348199932991403,0.0045508409768316715,0.0,0.0,0.011348199932991403,0.0045508409768316715,0.041042417199080264,0.321836885505691,0.02969421726608886,0.3263877264825227,0.041042417199080264,0.321836885505691,0.02969421726608886,0.3263877264825227,17.25,1713944848.3388495,2024-04-24_17-47-28
4,0.010389495407354546,0.0,0.010389495407354546,0.00992150622445915,0.0030830713675585875,0.0,0.0,0.00992150622445915,0.0030830713675585875,0.041042417199080264,0.321836885505691,0.031120910974621115,0.3249199568732496,0.041042417199080264,0.321836885505691,0.031120910974621115,0.3249199568732496,17.276,1713944848.3637476,2024-04-24_17-47-28
4,0.00866169586918459,0.0,0.00866169586918459,0.008382064723204304,0.0021831093207311802,0.0,0.0,0.008382064723204304,0.0021831093207311802,0.041042417199080264,0.321836885505691,0.03266035247587596,0.3240199948264222,0.041042417199080264,0.321836885505691,0.03266035247587596,0.3240199948264222,17.3,1713944848.3888104,2024-04-24_17-47-28
4,0.007297776659601426,0.0,0.007297776659601426,0.007088804687495995,0.0017338951167698013,0.0,0.0,0.007088804687495995,0.0017338951167698013,0.041042417199080264,0.321836885505691,0.03395361251158427,0.3235707806224608,0.041042417199080264,0.321836885505691,0.03395361251158427,0.3235707806224608,17.326,1713944848.413826,2024-04-24_17-47-28
4,0.0068396845122278066,0.0,0.0068396845122278066,0.006589456524383086,0.0018331249112032988,0.0,0.0,0.006589456524383086,0.0018331249112032988,0.041042417199080264,0.321836885505691,0.03445296067469718,0.3236700104168943,0.041042417199080264,0.321836885505691,0.03445296067469718,0.3236700104168943,17.35,1713944848.4387534,2024-04-24_17-47-28
4,0.006028057796656205,0.0,0.006028057796656205,0.0057769037997457695,0.001721877837801089,0.0,0.0,0.0057769037997457695,0.001721877837801089,0.041042417199080264,0.321836885505691,0.035265513399334494,0.3235587633434921,0.041042417199080264,0.321836885505691,0.035265513399334494,0.3235587633434921,17.376,1713944848.4665592,2024-04-24_17-47-28
4,0.005347892873862797,0.0,0.005347892873862797,0.005167204377201626,0.0013783893189301955,0.0,0.0,0.005167204377201626,0.0013783893189301955,0.041042417199080264,0.321836885505691,0.03587521282187864,0.3232152748246212,0.041042417199080264,0.321836885505691,0.03587521282187864,0.3232152748246212,17.4,1713944848.4889042,2024-04-24_17-47-28
4,0.0044541714168288065,0.0,0.0044541714168288065,0.004375980543682774,0.0008309255633355828,0.0,0.0,0.004375980543682774,0.0008309255633355828,0.041042417199080264,0.321836885505691,0.03666643665539749,0.3226678110690266,0.041042417199080264,0.321836885505691,0.03666643665539749,0.3226678110690266,17.426,1713944848.5140538,2024-04-24_17-47-28
